    21/499      5.2G   0.03481   0.00579   0.04221   0.02447    0.1073         5       800    0.1878    0.3665    0.2737    0.1798   0.02987  0.006693    0.0575
    22/499     5.25G   0.03542  0.005613   0.04119   0.02356    0.1058         3       800    0.1782    0.3702    0.2484    0.1414   0.03242  0.006715   0.05705
    23/499     5.25G   0.03474  0.005684   0.04049   0.02335    0.1043         2       800    0.2094     0.353    0.2686    0.1708    0.0288  0.006967   0.05613
    24/499     5.25G   0.03444  0.005552   0.03995   0.02363    0.1036         3       800    0.1897    0.3625    0.2756    0.1671   0.03081  0.006775    0.0551
    25/499     5.25G   0.03371    0.0055   0.03898    0.0221    0.1003         5       800    0.1656    0.3745    0.2781    0.1894   0.02871  0.006625   0.05477
    26/499     5.25G   0.03496  0.005379   0.03763   0.02222    0.1002         3       800    0.1873    0.4018    0.2951    0.2029   0.02644  0.006395   0.05389
    27/499     5.25G   0.03435  0.005312   0.03727   0.02187    0.0988         2       800    0.1947    0.4006    0.3135    0.2144   0.02695  0.006389   0.05303
    28/499     5.25G   0.03431  0.005334   0.03643   0.02181   0.09789         4       800    0.1975    0.3968    0.2982     0.203   0.02692  0.006498   0.05251
    29/499     5.25G   0.03376  0.005311    0.0358   0.02177   0.09664         3       800    0.1818    0.4205    0.2927    0.1956   0.02664  0.006426   0.05179
    30/499     5.25G   0.03308  0.005254    0.0341   0.02051   0.09294         3       800    0.2058    0.4018    0.3121     0.214   0.02519  0.006301   0.05211
    31/499     5.25G   0.03364  0.005234   0.03464   0.02089    0.0944         2       800    0.1776    0.4259    0.3106    0.1962   0.02806  0.006227   0.05201
    32/499     5.25G   0.03312  0.005113    0.0329   0.02055   0.09169        10       800    0.1953    0.4401    0.3287    0.2153   0.02623  0.006193   0.05084
    33/499     5.25G   0.03313  0.005038   0.03225   0.02075   0.09117         5       800    0.1838    0.4397    0.3268    0.2169   0.02767  0.006224   0.05001
    34/499     5.25G   0.03326  0.005078   0.03257   0.02024   0.09115         4       800    0.1979    0.4468    0.3607    0.2476   0.02692  0.006001   0.04886
    35/499     5.25G   0.03293   0.00491   0.03047   0.01948   0.08778         6       800    0.2121    0.4511    0.3732    0.2379   0.02542  0.006016   0.04863
    36/499     5.25G   0.03273  0.005015   0.02927   0.01951   0.08652         2       800    0.1907    0.4391    0.3614    0.2449   0.02825  0.006408   0.04815
    37/499     5.25G   0.03347  0.005033   0.03003   0.02043   0.08896         2       800    0.2339    0.4386    0.3986    0.2707   0.02633  0.005988   0.04667
    38/499     5.25G   0.03232  0.004949   0.02778   0.01895     0.084         2       800    0.2132    0.4643    0.4157    0.2987    0.0239  0.005816   0.04418
    39/499     5.25G   0.03267  0.004798   0.02703   0.01849   0.08299         2       800    0.2249     0.486    0.4412    0.3001   0.02653  0.005699    0.0428
    40/499     5.25G   0.03244  0.004771   0.02617    0.0187   0.08207         3       800    0.2368    0.4886    0.4452    0.3115    0.0247  0.005803   0.04161
    41/499     5.25G   0.03192  0.004905   0.02521   0.01836   0.08039         2       800    0.2498    0.4852    0.4443    0.3176   0.02536   0.00578   0.04111
    42/499     5.25G   0.03256  0.004791   0.02482   0.01843    0.0806         2       800    0.2453      0.52    0.4878    0.3202   0.02702  0.005643   0.03891
    43/499     5.25G   0.03207   0.00472   0.02409   0.01747   0.07835         4       800    0.2611    0.5036    0.4628    0.3226    0.0267  0.005516   0.03996
    44/499     5.25G    0.0329  0.004779   0.02425   0.01775   0.07968         3       800    0.2854    0.4912      0.47    0.3452   0.02534  0.005645   0.03812
    45/499     5.25G   0.03198  0.004894   0.02394   0.01867   0.07949         2       800    0.2699    0.5159    0.4924    0.3424   0.02673  0.005764   0.03795
    46/499     5.25G   0.03266  0.004815   0.02268   0.01805    0.0782         6       800    0.3022    0.5087    0.4763     0.339   0.02435  0.005681   0.03797
    47/499     5.25G   0.03117  0.004846   0.02112   0.01677    0.0739         3       800    0.3008    0.5284    0.5134    0.3654   0.02262  0.005417   0.03541
    48/499     5.25G   0.03112  0.004653   0.02096   0.01712   0.07385        10       800     0.302     0.531    0.5144    0.3707   0.02276  0.005561   0.03437
    49/499     5.25G   0.03102    0.0046   0.02058   0.01748   0.07369         2       800    0.2953    0.5456    0.5248    0.3609   0.02338  0.005496   0.03442
    50/499     5.25G   0.03128  0.004662   0.02021    0.0174   0.07356         2       800    0.3162    0.5283    0.5077    0.3643   0.02315  0.005699   0.03463
    51/499     5.25G    0.0312   0.00456   0.02024   0.01698   0.07297         2       800    0.3352    0.5445    0.5421    0.3929   0.02254  0.005414   0.03392
    52/499     5.25G   0.03076  0.004604   0.01918   0.01687   0.07142        11       800    0.3379     0.536     0.531    0.3855   0.02313  0.005344   0.03333
    53/499     5.25G   0.03048    0.0045   0.01844   0.01619    0.0696         2       800    0.3437      0.55    0.5481     0.396   0.02361  0.005325   0.03175
    54/499     5.25G   0.03157  0.004575   0.01863   0.01663    0.0714         5       800    0.3365    0.5485    0.5406    0.4009    0.0225  0.005297   0.03318
    55/499     5.25G   0.03093  0.004516   0.01868   0.01736   0.07147         1       800    0.3351    0.5433    0.5349    0.3884   0.02263  0.005242   0.03248
    56/499     5.25G   0.03121  0.004605   0.01846   0.01733   0.07161         4       800      0.33    0.5466     0.538    0.3936   0.02346  0.005315   0.03137
    57/499     5.25G   0.03074   0.00449   0.01733   0.01616   0.06872         5       800    0.3434    0.5502    0.5534    0.4103   0.02223  0.005233   0.03102
    58/499     5.25G   0.03036  0.004461   0.01736   0.01637   0.06856         2       800    0.3559    0.5461     0.546    0.3996   0.02343  0.005095   0.03188
    59/499     5.25G   0.03021  0.004415   0.01649   0.01537   0.06649         2       800    0.3494    0.5455    0.5486     0.396   0.02282  0.005143   0.03202
    60/499     5.25G   0.02993   0.00432   0.01613   0.01602   0.06639         2       800    0.3537    0.5482    0.5477    0.3953   0.02306  0.005114    0.0308
    61/499     5.25G   0.03041  0.004415   0.01718   0.01674   0.06875         2       800    0.3511    0.5601    0.5604    0.4165   0.02174  0.005064   0.02973
    62/499     5.25G   0.02995  0.004352   0.01573    0.0158   0.06583         2       800    0.3616    0.5616    0.5611    0.4166   0.02163  0.005123   0.02939
    63/499     5.25G   0.02931  0.004333   0.01578   0.01517   0.06459         2       800    0.3488    0.5573    0.5574    0.4178    0.0213  0.005078   0.02921
    64/499     5.25G   0.02994  0.004221   0.01512   0.01487   0.06415         3       800    0.3624    0.5668    0.5659    0.4244    0.0209  0.005106   0.02858
    65/499     5.25G   0.02989  0.004267   0.01445   0.01469   0.06329         2       800    0.3696    0.5523    0.5525    0.4159   0.02194  0.005004   0.03026
    66/499     5.25G   0.02949  0.004259   0.01449   0.01458   0.06281         4       800    0.3612    0.5623    0.5632    0.4207   0.02141   0.00505   0.02798
    67/499     5.25G   0.02989   0.00433   0.01456    0.0152   0.06397         7       800    0.3617    0.5685    0.5665    0.4301   0.02089  0.004972   0.02825
    68/499     5.25G   0.02895  0.004098   0.01417   0.01447   0.06169         2       800    0.3832    0.5657    0.5664    0.4332   0.02034  0.005029   0.02835
    69/499     5.25G   0.02888  0.004181    0.0138   0.01458   0.06144         6       800    0.3658    0.5661    0.5707    0.4299   0.02039  0.004947   0.02707
    70/499     5.25G   0.02953  0.004166   0.01427   0.01501   0.06298         2       800    0.3949    0.5565    0.5614     0.427   0.02047  0.004977   0.02761
    71/499     5.25G   0.02883  0.004246   0.01411   0.01515   0.06234         4       800    0.3726    0.5618    0.5684    0.4372   0.02112  0.004912   0.02729
    72/499     5.25G    0.0288  0.004095   0.01416   0.01411   0.06116         3       800    0.3879      0.57    0.5737    0.4457   0.01985  0.004939   0.02655
    73/499     5.25G    0.0293  0.004212   0.01411   0.01517   0.06279         4       800    0.3833    0.5811    0.5772    0.4435   0.02011  0.004961   0.02588
    74/499     5.25G   0.02919   0.00408   0.01351   0.01447   0.06125         4       800     0.409    0.5972    0.5801    0.4397   0.01996  0.004895   0.02603
    75/499     5.25G   0.02841  0.004095   0.01399   0.01381    0.0603         2       800    0.4013    0.5813    0.5801    0.4515   0.01882  0.004933   0.02565
    76/499     5.25G    0.0288  0.004089   0.01324   0.01395   0.06008         2       800    0.4152     0.605    0.5838    0.4581   0.01951  0.004846   0.02571
    77/499     5.25G     0.028  0.004048   0.01289   0.01349   0.05842         6       800    0.4158    0.6418    0.5892    0.4647   0.01937  0.004817   0.02552
    78/499     5.25G   0.02852   0.00406   0.01253   0.01363   0.05874         4       800    0.4188    0.6129     0.579    0.4458    0.0196  0.004809   0.02533
    79/499     5.25G   0.02859   0.00414   0.01305   0.01533   0.06111         2       800    0.3927    0.5782    0.5778    0.4576    0.0191  0.004769   0.02525
    80/499     5.25G   0.02873  0.004049   0.01322   0.01425   0.06025         5       800    0.3997    0.6013    0.5809    0.4469   0.01922  0.004834    0.0253
    81/499     5.25G   0.02803  0.004074   0.01277   0.01369   0.05857         5       800    0.3993     0.581    0.5777    0.4485   0.01937  0.004784    0.0253
    82/499     5.25G   0.02831  0.003988   0.01252   0.01316   0.05798         2       800    0.4041    0.6138     0.583    0.4592   0.01934  0.004777   0.02458
    83/499     5.25G   0.02858  0.004019   0.01183   0.01327    0.0577         2       800    0.4048    0.6133    0.5854    0.4612   0.01955  0.004709   0.02437
    84/499     5.25G   0.02849  0.003906   0.01245   0.01315     0.058         2       800    0.4535     0.626    0.5908    0.4624   0.01928   0.00467    0.0237
    85/499     5.25G    0.0286  0.004012    0.0126   0.01404   0.05925         2       800    0.4239    0.6269    0.5902    0.4652   0.01918  0.004619   0.02386
    86/499     5.25G   0.02775  0.003886   0.01173   0.01294   0.05631         6       800     0.399    0.5978    0.5757    0.4517   0.02011  0.004664   0.02391
    87/499     5.25G    0.0276  0.003972   0.01175    0.0132   0.05652         2       800    0.4264    0.6066    0.5874    0.4642   0.01851  0.004679    0.0231
    88/499     5.25G   0.02745   0.00385   0.01095   0.01279   0.05504         2       800    0.4328    0.6147    0.5918    0.4667   0.01946  0.004584   0.02346
    89/499     5.25G   0.02758  0.003915   0.01188   0.01282   0.05619        12       800    0.4441    0.6284    0.5931    0.4662   0.01855  0.004623   0.02365
    90/499     5.25G   0.02742  0.004013   0.01174   0.01348   0.05666         2       800    0.4293    0.6077    0.5899    0.4674   0.01858   0.00459    0.0239
    91/499     5.25G   0.02783  0.004032   0.01227   0.01462   0.05875         2       800    0.4184    0.6383    0.5877    0.4654   0.01859  0.004666   0.02382
    92/499     5.25G   0.02754  0.003904   0.01174   0.01353   0.05672         4       800    0.4221    0.6453    0.5927    0.4633   0.01959  0.004606   0.02355
    93/499     5.25G     0.028  0.004022   0.01171   0.01381   0.05754         2       800    0.4388    0.6351    0.5911    0.4634   0.01898  0.004635   0.02336
    94/499     5.25G   0.02775  0.003919   0.01172   0.01357   0.05696         3       800    0.4218    0.6442    0.5923     0.469   0.01889  0.004625   0.02361
    95/499     5.25G   0.02777  0.004015    0.0124   0.01392   0.05811         2       800    0.4148     0.646    0.5918    0.4735   0.01893  0.004639   0.02367
    96/499     5.25G   0.02732  0.003925   0.01203   0.01258   0.05585         2       800    0.4264    0.6442     0.589    0.4653   0.01924  0.004642   0.02325
    97/499     5.25G   0.02781  0.003915   0.01125   0.01251   0.05549         5       800    0.4392    0.6275    0.5895    0.4709   0.01849  0.004618   0.02278
    98/499     5.25G   0.02762   0.00391   0.01119   0.01319   0.05591         2       800    0.4478    0.6349    0.5935    0.4733   0.01874  0.004578   0.02279
    99/499     5.25G    0.0266  0.003757   0.01073   0.01224   0.05333         2       800    0.4527    0.6392    0.5944    0.4743     0.018  0.004558   0.02269
   100/499     5.25G   0.02635  0.003813   0.01035   0.01243   0.05294         4       800    0.4517    0.6379    0.5944    0.4735   0.01777  0.004561   0.02234
   101/499     5.25G   0.02595  0.003798   0.00989   0.01171   0.05135         5       800    0.4444    0.6382    0.5937    0.4747   0.01766  0.004558     0.022
   102/499     5.25G   0.02667  0.003692   0.01015   0.01213   0.05264         7       800    0.4323    0.6412    0.5941    0.4773     0.018  0.004532   0.02205
   103/499     5.25G   0.02621  0.003767  0.009909     0.012   0.05188         1       800    0.4445    0.6425    0.5973    0.4787   0.01776  0.004513   0.02235
   104/499     5.25G   0.02721  0.003837    0.0109   0.01202   0.05398         6       800    0.4431     0.627    0.5945    0.4785   0.01804  0.004499   0.02205
   105/499     5.25G   0.02642  0.003807    0.0102   0.01198    0.0524        12       800     0.448    0.6499    0.5987    0.4779   0.01783  0.004523   0.02185
   106/499     5.25G   0.02605  0.003799   0.01073   0.01211   0.05269         5       800      0.45    0.6519    0.6019    0.4836   0.01781  0.004466   0.02163
   107/499     5.25G   0.02616  0.003747   0.01028   0.01155   0.05173         6       800    0.4564    0.6504    0.5977    0.4854   0.01703  0.004409   0.02161
   108/499     5.25G   0.02694  0.003791   0.01104   0.01265   0.05442         3       800    0.4529    0.6483    0.5999    0.4885   0.01681  0.004376   0.02162
   109/499     5.25G    0.0275  0.003899   0.01122   0.01266   0.05527         9       800    0.4621    0.6473    0.5949    0.4812   0.01712  0.004383   0.02171
   110/499     5.25G   0.02683  0.003754   0.01085   0.01194   0.05337         3       800    0.4521    0.6478    0.5938    0.4816   0.01701  0.004438   0.02161
   111/499     5.25G   0.02645  0.003719    0.0102   0.01117   0.05154        10       800    0.4515    0.6407    0.5939    0.4797    0.0171  0.004439   0.02149
   112/499     5.25G   0.02593  0.003694  0.009545   0.01288   0.05205         1       800     0.459    0.6502    0.5969    0.4847   0.01757  0.004384   0.02169
   113/499     5.25G   0.02748  0.003815   0.01043   0.01275   0.05449         2       800    0.4558    0.6488    0.6009    0.4877   0.01835  0.004334   0.02196
   114/499     5.25G   0.02676  0.003768   0.01033   0.01187   0.05273         9       800    0.4593    0.6496    0.6082    0.4958   0.01759  0.004383   0.02134
   115/499     5.25G   0.02514  0.003825  0.009929   0.01217   0.05106         7       800    0.4509    0.6495    0.6162    0.5042   0.01709  0.004367   0.02129
   116/499     5.25G   0.02647  0.003666   0.01003   0.01189   0.05205         5       800    0.4512    0.6475    0.6063    0.4951   0.01718  0.004358   0.02117
   117/499     5.25G   0.02639  0.003677  0.009722   0.01127   0.05106         2       800    0.4525    0.6475    0.5962    0.4859   0.01727  0.004348   0.02124
   118/499     5.25G   0.02667  0.003709    0.0101    0.0119   0.05238         2       800    0.4487    0.6395     0.593    0.4815   0.01687   0.00436   0.02133
   119/499     5.25G   0.02625  0.003792  0.009635   0.01177   0.05145         9       800    0.4436     0.641    0.5946    0.4827   0.01673  0.004355   0.02119
   120/499     5.25G   0.02562  0.003654  0.009061   0.01113   0.04947         6       800    0.4445     0.641    0.5953    0.4857   0.01648  0.004342   0.02111
   121/499     5.25G    0.0254  0.003672  0.009004   0.01072   0.04879         4       800    0.4405    0.6305    0.5954    0.4886   0.01636  0.004312   0.02116
   122/499     5.25G   0.02595  0.003672  0.009387   0.01159    0.0506         2       800    0.4491    0.6297    0.5961    0.4901   0.01622  0.004309   0.02102
   123/499     5.25G   0.02584  0.003578  0.009084   0.01104   0.04954         2       800    0.4484    0.6217    0.5958    0.4895   0.01636  0.004273   0.02093
   124/499     5.25G   0.02531  0.003537  0.009167   0.01077   0.04879         2       800     0.455    0.6234    0.5969    0.4912   0.01621   0.00425   0.02081
   125/499     5.25G   0.02531  0.003648  0.009585    0.0111   0.04964         5       800    0.4575    0.6314    0.5972    0.4893   0.01622   0.00426    0.0207
   126/499     5.25G   0.02534  0.003691  0.009844   0.01188   0.05076         2       800    0.4565    0.6532    0.5976      0.49   0.01627  0.004273   0.02057
   127/499     5.25G   0.02534  0.003685   0.01009   0.01166   0.05078         5       800    0.4546    0.6527    0.5984     0.493   0.01629  0.004256   0.02044
   128/499     5.25G   0.02567  0.003601   0.00943   0.01131   0.05001         2       800    0.4518     0.653     0.598    0.4931   0.01615  0.004276   0.02044
   129/499     5.25G   0.02536  0.003611  0.008862   0.01045   0.04829         2       800    0.4582    0.6527     0.598     0.492   0.01626  0.004267   0.02027
   130/499     5.25G   0.02516  0.003562  0.009106   0.01102   0.04885         2       800    0.4613    0.6527    0.5984    0.4941    0.0165  0.004252   0.02015
   131/499     5.25G   0.02504  0.003571  0.009159   0.01059   0.04836         2       800    0.4656    0.6527    0.5992    0.4946   0.01632  0.004254    0.0201
   132/499     5.25G    0.0253  0.003597   0.00893   0.01156   0.04938         3       800    0.4663     0.652    0.6013    0.4959   0.01634   0.00425   0.02004
   133/499     5.25G   0.02508  0.003588  0.009088   0.01122   0.04898         2       800    0.4657    0.6518     0.601    0.4963    0.0162  0.004236   0.02003
   134/499     5.25G   0.02573  0.003521  0.009364   0.01079    0.0494         3       800    0.4609    0.6536    0.6021    0.4965   0.01605  0.004233   0.01996
   135/499     5.25G   0.02481  0.003574  0.008479   0.01056   0.04742         5       800    0.4646    0.6545    0.6005    0.4932   0.01614   0.00424   0.01997
   136/499     5.25G   0.02512  0.003588  0.009013   0.01047   0.04819        13       800     0.464    0.6532    0.6006    0.4953   0.01597   0.00423   0.01998
   137/499     5.25G   0.02501  0.003431  0.008071   0.01008   0.04659         2       800    0.4628    0.6535    0.6002    0.4965   0.01589  0.004219   0.01991
   138/499     5.25G   0.02463  0.003535  0.008818   0.01117   0.04816        10       800     0.462    0.6535    0.6011    0.4978   0.01578  0.004209   0.01984
   139/499     5.25G   0.02498  0.003504  0.008613   0.01069   0.04778         1       800    0.4686    0.6535    0.6011    0.4962   0.01578  0.004194   0.01982
   140/499     5.25G   0.02496  0.003567  0.008963   0.01175   0.04924         5       800    0.4697    0.6535    0.6011    0.4946   0.01591  0.004181    0.0198
   141/499     5.25G   0.02491  0.003562  0.008594   0.01075   0.04781         2       800     0.468    0.6535    0.6007    0.4943   0.01594  0.004165   0.01981
   142/499     5.25G   0.02417  0.003512  0.008124   0.01098   0.04679         3       800    0.4686    0.6535    0.6001    0.4946   0.01584  0.004157   0.01985
   143/499     5.25G   0.02494  0.003452  0.008417   0.01057   0.04738         2       800    0.4677    0.6532    0.6004    0.4933   0.01593  0.004145   0.01985
   144/499     5.25G   0.02483  0.003497   0.00852   0.01098   0.04783         4       800    0.4676    0.6532    0.6001    0.4931   0.01591  0.004138   0.01988
   145/499     5.25G   0.02362  0.003493  0.007988   0.01053   0.04564         2       800     0.466    0.6527       0.6    0.4938   0.01584  0.004145   0.01981
   146/499     5.25G   0.02501  0.003529   0.00858    0.0106   0.04772         4       800    0.4654    0.6527    0.6001    0.4944   0.01581  0.004146    0.0198
   147/499     5.25G   0.02481  0.003498  0.009356   0.01125   0.04891         7       800    0.4633    0.6528    0.6008    0.4946    0.0158  0.004143    0.0197
   148/499     5.25G    0.0251  0.003605  0.008842   0.01192   0.04947         6       800     0.459    0.6525    0.6008    0.4954   0.01579   0.00413   0.01963
   149/499     5.25G   0.02461  0.003527  0.008428   0.01089   0.04745         2       800    0.4588    0.6517    0.6009    0.4956   0.01571   0.00412   0.01952
   150/499     5.25G   0.02403   0.00348  0.008516    0.0106   0.04662         2       800    0.4588    0.6527     0.601    0.4956   0.01567  0.004105   0.01949
   151/499     5.25G   0.02446  0.003536  0.007868   0.01012   0.04599         2       800    0.4567    0.6527    0.6004    0.4947   0.01571  0.004108   0.01946
   152/499     5.25G   0.02411  0.003383  0.007548   0.01003   0.04507         2       800    0.4572    0.6527       0.6    0.4951   0.01571  0.004107   0.01941
   153/499     5.25G   0.02549  0.003506  0.008401   0.01116   0.04856         2       800    0.4577    0.6527       0.6    0.4971    0.0156   0.00409   0.01941
   154/499     5.25G   0.02415  0.003369  0.008139   0.01014    0.0458         2       800    0.4609    0.6527       0.6    0.4979   0.01561  0.004082   0.01938
   155/499     5.25G   0.02457  0.003445  0.008288   0.01021   0.04651         1       800     0.462    0.6525    0.5999    0.4982   0.01557  0.004079   0.01936
   156/499     5.25G   0.02452  0.003494  0.008566    0.0109   0.04748         5       800     0.459    0.6522    0.6003    0.4969   0.01559  0.004075   0.01933
   157/499     5.25G   0.02422  0.003392  0.007828   0.01046    0.0459         4       800    0.4612     0.653    0.6004    0.4979   0.01556  0.004068   0.01926
   158/499     5.25G   0.02414  0.003351  0.007584   0.01004   0.04512         3       800    0.4635    0.6533     0.601     0.499   0.01555  0.004056   0.01921
   159/499     5.25G   0.02439  0.003376  0.008382   0.01042   0.04657         2       800     0.465    0.6528     0.601     0.499   0.01554  0.004046   0.01918
   160/499     5.25G   0.02415  0.003316  0.007778  0.009943   0.04519         2       800    0.4673    0.6528    0.6012    0.4992    0.0155  0.004033   0.01915
   161/499     5.25G   0.02418  0.003382  0.008513  0.009973   0.04605         5       800    0.4696    0.6539    0.6012    0.4998   0.01549  0.004029   0.01913
   162/499     5.25G   0.02442  0.003416  0.007715   0.01014   0.04569         8       800    0.4718    0.6531    0.6012    0.5003   0.01542  0.004026   0.01909
   163/499     5.25G   0.02374  0.003297  0.007948   0.01008   0.04507         1       800    0.4725    0.6534    0.6009    0.5001    0.0154  0.004023   0.01904
   164/499     5.25G   0.02438  0.003391  0.007796   0.01015   0.04572         3       800    0.4714    0.6528    0.6011    0.4983   0.01544   0.00402     0.019
   165/499     5.25G   0.02405  0.003354    0.0077  0.009572   0.04467         2       800    0.4711    0.6533    0.6016    0.4996   0.01546  0.004013   0.01899
   166/499     5.25G   0.02361  0.003362  0.007824  0.009825   0.04462         3       800    0.4739    0.6528    0.6018    0.4994   0.01542  0.004008   0.01894
   167/499     5.25G    0.0238  0.003372  0.008018    0.0102   0.04539         5       800    0.4755    0.6528    0.6019    0.4994   0.01536  0.004004   0.01893
   168/499     5.25G   0.02391  0.003336  0.007371   0.01007   0.04468         2       800    0.4763    0.6528    0.6019    0.5005   0.01532  0.003995   0.01891
   169/499     5.25G   0.02387  0.003401  0.008706  0.009972   0.04595         6       800    0.4747    0.6526    0.6019    0.5001    0.0153  0.003994   0.01886
   170/499     5.25G   0.02286  0.003316  0.007753   0.01012   0.04405        10       800    0.4732    0.6527    0.6019    0.5003   0.01529  0.003993   0.01884
   171/499     5.25G   0.02373  0.003377  0.008238   0.01033   0.04567         8       800    0.4727    0.6526    0.6024    0.5012   0.01529  0.003989   0.01882
   172/499     5.25G   0.02396  0.003362  0.007918   0.01003   0.04527         8       800    0.4736    0.6525    0.6024    0.5014   0.01526  0.003989   0.01879
   173/499     5.25G   0.02369  0.003344  0.007482   0.01027   0.04478         7       800    0.4711    0.6523    0.6018     0.501   0.01521  0.003987   0.01878
   174/499     5.25G   0.02395  0.003329  0.007614   0.01001    0.0449         2       800    0.4691    0.6525    0.6024     0.501    0.0152  0.003985   0.01875
   175/499     5.25G   0.02345  0.003287  0.007681  0.009672   0.04409         3       800    0.4692    0.6523    0.6023    0.5011   0.01519  0.003985   0.01871
   176/499     5.25G   0.02425  0.003349  0.007897  0.009852   0.04534         6       800    0.4697    0.6524    0.6018    0.5016   0.01513  0.003984   0.01866
   177/499     5.25G   0.02314   0.00336  0.007508  0.009966   0.04398         4       800    0.4701    0.6523    0.6023    0.5018    0.0151  0.003984   0.01863
   178/499     5.25G   0.02422  0.003346  0.007739   0.01037   0.04568         6       800    0.4718    0.6523     0.602    0.5018   0.01507  0.003982   0.01862
   179/499     5.25G   0.02422  0.003247  0.007773   0.01059   0.04583         4       800    0.4714    0.6523    0.6021    0.5016   0.01507  0.003979    0.0186
   180/499     5.25G   0.02341  0.003325   0.00726   0.01029   0.04428         2       800     0.471    0.6523    0.6028    0.5017   0.01502  0.003977   0.01858
   181/499     5.25G   0.02344  0.003307  0.007865   0.00989    0.0445         9       800    0.4708    0.6523    0.6028    0.5024   0.01499  0.003974   0.01854
   182/499     5.25G   0.02338  0.003289  0.007522  0.009803   0.04399         2       800      0.47    0.6523    0.6028    0.5038   0.01497  0.003973    0.0185
   183/499     5.25G   0.02506  0.003606   0.00928   0.01219   0.05013         2       800    0.4723    0.6523    0.6028    0.5021   0.01499  0.003973   0.01848
   184/499     5.25G   0.02395  0.003448  0.008295   0.01102   0.04671         2       800     0.472    0.6523    0.6028    0.5032   0.01501   0.00397   0.01845
   185/499     5.25G   0.02403  0.003303   0.00722  0.009998   0.04455         1       800     0.474    0.6523    0.6029    0.5041   0.01503  0.003967   0.01843
   186/499     5.25G   0.02413  0.003304  0.007593  0.009947   0.04498         5       800     0.474    0.6523    0.6029     0.504   0.01506  0.003963   0.01839
   187/499     5.25G   0.02369  0.003323  0.007439  0.009683   0.04414         2       800    0.4747    0.6526    0.6029     0.504   0.01508   0.00396   0.01835
   188/499     5.25G   0.02345  0.003275  0.007302  0.009774    0.0438         3       800    0.4748    0.6526    0.6028    0.5037   0.01509  0.003954   0.01832
   189/499     5.25G   0.02246  0.003297  0.007062  0.009775   0.04259         2       800    0.4772    0.6526    0.6027    0.5029   0.01511  0.003948    0.0183
   190/499     5.25G   0.02358  0.003352  0.007402   0.01117   0.04551         7       800    0.4784    0.6526    0.6026    0.5027   0.01508  0.003945   0.01827
   191/499     5.25G   0.02348  0.003403  0.008457    0.0109   0.04624         3       800    0.4785    0.6526    0.6026    0.5035   0.01509  0.003944   0.01827
   192/499     5.25G   0.02398  0.003286  0.007133  0.009625   0.04403         2       800    0.4779    0.6526    0.6026    0.5029   0.01509  0.003941   0.01824
   193/499     5.25G   0.02348  0.003171  0.007315  0.009465   0.04343         4       800    0.4778    0.6526    0.6026    0.5023   0.01509  0.003937   0.01822
   194/499     5.25G   0.02351  0.003348  0.008129   0.01001     0.045         3       800    0.4777    0.6526    0.6026    0.5035    0.0151  0.003937   0.01821
   195/499     5.25G   0.02385  0.003349  0.008323   0.01034   0.04587         4       800    0.4777    0.6526    0.6022    0.5025    0.0151  0.003935   0.01821
   196/499     5.25G    0.0236  0.003237  0.007779  0.009934   0.04455         4       800    0.4784    0.6526    0.6022    0.5023    0.0151  0.003929   0.01821
   197/499     5.25G    0.0234  0.003298  0.007215  0.009331   0.04325         2       800    0.4788    0.6526    0.6024    0.5027    0.0151  0.003925   0.01821
   198/499     5.25G   0.02361  0.003376  0.007603   0.01014   0.04473         6       800    0.4795    0.6526     0.603    0.5028   0.01511  0.003918   0.01821
   199/499     5.25G    0.0239  0.003488  0.008903   0.01277   0.04906         4       800    0.4782    0.6526    0.6029    0.5035   0.01511  0.003913   0.01821
   200/499     5.25G   0.02303  0.003385   0.00763   0.01149   0.04553         2       800    0.4775    0.6526    0.6029     0.504    0.0151  0.003907    0.0182
   201/499     5.25G   0.02231  0.003346  0.007062   0.01067   0.04338         2       800    0.4776    0.6526     0.603    0.5043   0.01508  0.003903   0.01818
   202/499     5.25G   0.02386  0.003275  0.007286   0.01026   0.04468         6       800    0.4773    0.6526    0.6029    0.5044   0.01507  0.003901   0.01816
   203/499     5.25G   0.02276  0.003243  0.007334  0.009721   0.04306         2       800    0.4772    0.6526     0.603    0.5043   0.01505  0.003899   0.01815
   204/499     5.25G   0.02284  0.003233  0.007162  0.009543   0.04278         2       800    0.4769    0.6526    0.6032    0.5045   0.01503  0.003897   0.01813
   205/499     5.25G   0.02258  0.003287  0.007089  0.009702   0.04266         2       800    0.4767    0.6526    0.6033     0.505   0.01501  0.003895   0.01811
   206/499     5.25G   0.02212  0.003223  0.006805  0.009124   0.04127         3       800    0.4774    0.6526    0.6034    0.5049   0.01501  0.003892   0.01809
   207/499     5.25G   0.02237  0.003191  0.006977  0.009016   0.04155         7       800     0.477    0.6526    0.6039    0.5048   0.01499  0.003891   0.01806
   208/499     5.25G   0.02266  0.003198  0.006616  0.009373   0.04184         8       800     0.477    0.6526    0.6044    0.5052   0.01498  0.003889   0.01805
   209/499     5.25G   0.02285   0.00326  0.007526   0.01043   0.04407         6       800    0.4765    0.6526    0.6046    0.5056   0.01499  0.003888   0.01803
   210/499     5.25G   0.02234  0.003196   0.00702  0.009351   0.04191         2       800    0.4766    0.6526    0.6047    0.5059   0.01499  0.003888   0.01802
   211/499     5.25G   0.02255  0.003255  0.007227  0.009605   0.04263         4       800    0.4764    0.6526    0.6048    0.5064   0.01499  0.003886   0.01801
   212/499     5.25G   0.02311  0.003147   0.00735  0.009963   0.04357         3       800    0.4763    0.6526    0.6049    0.5059   0.01496  0.003886   0.01801
   213/499     5.25G   0.02316  0.003286  0.007364   0.01044   0.04426         2       800    0.4767    0.6526    0.6058    0.5063   0.01494  0.003883     0.018
   214/499     5.25G   0.02277  0.003256   0.00694   0.01029   0.04325         9       800    0.4775    0.6526    0.6059    0.5063   0.01492  0.003883   0.01799
   215/499     5.25G   0.02232  0.003165  0.006892  0.009135   0.04151         2       800    0.4778    0.6526    0.6059    0.5068   0.01492  0.003881   0.01797
   216/499     5.25G    0.0225  0.003164  0.007058  0.009364   0.04208         2       800    0.4779    0.6526     0.606    0.5073   0.01491  0.003881   0.01794
   217/499     5.25G   0.02349  0.003217  0.007393  0.009646   0.04375         2       800    0.4785    0.6528    0.6064    0.5075   0.01489  0.003879   0.01792
   218/499     5.25G   0.02305  0.003235  0.007644  0.009523   0.04345         5       800    0.4789    0.6531    0.6068     0.508    0.0149  0.003878    0.0179
   219/499     5.25G   0.02228   0.00319  0.007085  0.009718   0.04228         6       800    0.4792    0.6531    0.6067    0.5082    0.0149  0.003878   0.01788
   220/499     5.25G   0.02369  0.003262  0.007187   0.00999   0.04413         5       800    0.4795    0.6531    0.6067    0.5082    0.0149  0.003875   0.01787
   221/499     5.25G   0.02245  0.003113  0.007045   0.00938   0.04199         2       800    0.4798    0.6531     0.607    0.5086   0.01489  0.003874   0.01784
   222/499     5.25G   0.02254  0.003143  0.006793  0.009147   0.04162         2       800    0.4802    0.6531    0.6073    0.5087   0.01489  0.003872   0.01782
   223/499     5.25G   0.02208  0.003181  0.006476  0.009333   0.04107         3       800    0.4803    0.6531    0.6073    0.5087   0.01489   0.00387   0.01781
   224/499     5.25G   0.02227  0.003137  0.006975  0.009211   0.04159         2       800    0.4805    0.6531    0.6084    0.5091   0.01489  0.003868   0.01779
   225/499     5.25G   0.02164  0.003149  0.006378  0.008854   0.04002         2       800     0.481    0.6531    0.6088    0.5092   0.01488  0.003867   0.01778
   226/499     5.25G    0.0217   0.00311  0.006614  0.008615   0.04003         6       800    0.4812    0.6531    0.6089    0.5095   0.01488  0.003865   0.01776
   227/499     5.25G   0.02166  0.003088  0.006498  0.008502   0.03975         4       800    0.4812    0.6531    0.6096    0.5099   0.01487  0.003863   0.01775
   228/499     5.25G   0.02159   0.00308  0.006023  0.008675   0.03937         2       800    0.4816    0.6531    0.6105    0.5103   0.01488  0.003861   0.01773
   229/499     5.25G   0.02208  0.003098  0.006121  0.008962   0.04026        11       800    0.4821    0.6531    0.6115    0.5104   0.01487   0.00386   0.01772
   230/499     5.25G   0.02246  0.003111  0.006936  0.009525   0.04203         6       800    0.4824    0.6531    0.6129    0.5119   0.01486  0.003858    0.0177
   231/499     5.25G   0.02263  0.003158  0.007422  0.009448   0.04265         2       800    0.4821    0.6531    0.6149    0.5126   0.01485  0.003856   0.01769
   232/499     5.25G   0.02201   0.00312  0.006429  0.009162   0.04072         3       800    0.4825    0.6531    0.6177     0.514   0.01485  0.003853   0.01768
   233/499     5.25G   0.02177  0.003114  0.006343  0.008737   0.03997         2       800    0.4828    0.6531    0.6183    0.5141   0.01486  0.003852   0.01767
   234/499     5.25G   0.02161  0.003039  0.006414  0.008238    0.0393         2       800    0.4819    0.6531    0.6243     0.517   0.01484  0.003851   0.01765
   235/499     5.25G   0.02086  0.003073  0.006129  0.008655   0.03871         5       800    0.4819    0.6531    0.6252    0.5172   0.01483  0.003849   0.01763
   236/499     5.25G   0.02101  0.003087  0.006258  0.008619   0.03897         1       800    0.5493    0.6864     0.642    0.5253   0.01481  0.003846   0.01762
   237/499     5.25G   0.02208  0.003116  0.006566  0.008836    0.0406         3       800    0.5497    0.6864    0.6427    0.5261   0.01481  0.003844    0.0176
   238/499     5.25G   0.02163  0.003151  0.006346  0.009322   0.04045         6       800    0.5497    0.6864    0.6436    0.5255   0.01479  0.003843   0.01759
   239/499     5.25G   0.02104   0.00311  0.006188  0.009302   0.03964         6       800    0.5496    0.6864     0.645    0.5262   0.01479  0.003841   0.01757
   240/499     5.25G   0.02139   0.00303  0.006239  0.008673   0.03933         5       800    0.5493    0.6864    0.6459    0.5264   0.01479   0.00384   0.01756
   241/499     5.25G   0.02101  0.003114  0.005867  0.008847   0.03883         7       800    0.5494    0.6864    0.6509    0.5278   0.01478  0.003839   0.01755
   242/499     5.25G   0.02135  0.003029  0.005882  0.008765   0.03902         3       800    0.5486    0.6864    0.6509    0.5279   0.01477  0.003838   0.01754
   243/499     5.25G   0.02166  0.003067  0.006349  0.008752   0.03982         5       800    0.5481    0.6864    0.6542     0.529   0.01477  0.003837   0.01753
   244/499     5.25G   0.02153  0.003078  0.006474  0.008876   0.03995         1       800    0.5482    0.6864    0.6598     0.531   0.01476  0.003835   0.01752
   245/499     5.25G   0.02107  0.003014   0.00585  0.008554   0.03849         2       800    0.5476    0.6864    0.6598    0.5305   0.01476  0.003833   0.01751
   246/499     5.25G   0.02131  0.003068  0.006184  0.008506   0.03907         3       800    0.5477    0.6864    0.6708     0.534   0.01476  0.003832    0.0175
   247/499     5.25G   0.02152  0.003054  0.006012   0.00913   0.03971         3       800    0.5476    0.6864    0.6708    0.5339   0.01476  0.003831   0.01748
   248/499     5.25G   0.02104  0.003056  0.006064  0.008747   0.03891         2       800    0.5477    0.6864    0.6709     0.534   0.01475   0.00383   0.01746
   249/499     5.25G   0.02158   0.00299  0.005769  0.009204   0.03954         2       800    0.5473    0.6864    0.6709    0.5343   0.01475  0.003828   0.01744
   250/499     5.25G   0.02147  0.003068  0.005935  0.008956   0.03943         3       800     0.547    0.6864    0.6709    0.5339   0.01474  0.003827   0.01743
   251/499     5.25G   0.02144  0.003004  0.006014  0.008444    0.0389         2       800     0.547    0.6864    0.6709    0.5337   0.01473  0.003826   0.01741
   252/499     5.25G   0.02135  0.003027  0.005373  0.008476   0.03823         3       800    0.5468    0.6864    0.6709    0.5337   0.01472  0.003825    0.0174
   253/499     5.25G   0.02066  0.002977  0.005336  0.008392   0.03736         6       800    0.5469    0.6864    0.6709    0.5332   0.01472  0.003825   0.01738
   254/499     5.25G   0.02153  0.002927   0.00601   0.00833    0.0388         6       800    0.5473    0.6864    0.6709    0.5335   0.01471  0.003823   0.01736
   255/499     5.25G   0.02079   0.00302  0.005892   0.00824   0.03794         2       800    0.5475    0.6864    0.6709    0.5335    0.0147  0.003822   0.01735
   256/499     5.25G   0.02075  0.002946  0.006024     0.008   0.03772         4       800    0.5482    0.6864     0.671    0.5336   0.01469   0.00382   0.01734
   257/499     5.25G   0.02079  0.002928  0.006143  0.007974   0.03784         2       800    0.5488    0.6864    0.6709    0.5335   0.01469  0.003819   0.01733
   258/499     5.25G   0.02155  0.003032  0.006713  0.008337   0.03963         6       800    0.5496    0.6864     0.671    0.5338   0.01468  0.003816   0.01733
   259/499     5.25G   0.02134  0.002987    0.0057  0.008303   0.03833         7       800    0.5502    0.6864     0.671    0.5335   0.01468  0.003813   0.01732
   260/499     5.25G   0.02151  0.003002   0.00616  0.008823    0.0395         2       800    0.5502    0.6864    0.6717    0.5343   0.01468   0.00381    0.0173
   261/499     5.25G   0.02056  0.002965  0.005802  0.008135   0.03746         7       800    0.5503    0.6864    0.6724     0.535   0.01468  0.003808   0.01729
   262/499     5.25G   0.02039     0.003  0.005805    0.0081   0.03729         6       800    0.5499    0.6864    0.6724    0.5347   0.01468  0.003806   0.01729
   263/499     5.25G   0.02049  0.002919  0.005344  0.008231   0.03698         6       800    0.5498    0.6864    0.6724    0.5345   0.01467  0.003804   0.01727
   264/499     5.25G   0.02057  0.002989  0.006149  0.008239   0.03795         7       800    0.5499    0.6864    0.6724    0.5346   0.01467  0.003803   0.01726
   265/499     5.25G   0.02172  0.003135  0.006508  0.009683   0.04105         4       800    0.5498    0.6864    0.6724    0.5344   0.01465  0.003802   0.01726
   266/499     5.25G   0.02222  0.003221  0.007141   0.01045   0.04302         3       800    0.5496    0.6864    0.6725    0.5347   0.01464  0.003801   0.01725
   267/499     5.25G   0.02238  0.003143  0.006601  0.009715   0.04183         2       800    0.5499    0.6864    0.6724    0.5347   0.01463    0.0038   0.01724
   268/499     5.25G   0.02139  0.003044  0.006682  0.009189   0.04031         7       800    0.5492    0.6864    0.6717    0.5345   0.01462    0.0038   0.01724
   269/499     5.25G   0.02192   0.00312  0.006917   0.01064   0.04259         2       800    0.5492    0.6864    0.6725    0.5356   0.01461  0.003798   0.01724
   270/499     5.25G   0.02122  0.003033  0.006001  0.008619   0.03887         2       800    0.5488    0.6864    0.6725    0.5357   0.01461  0.003797   0.01724
   271/499     5.25G   0.02085  0.002958  0.005715  0.008603   0.03812         4       800    0.5484    0.6864    0.6726    0.5358    0.0146  0.003796   0.01723
   272/499     5.25G   0.02069  0.002981  0.005796  0.009273   0.03874         4       800    0.5482    0.6864    0.6726    0.5362    0.0146  0.003795   0.01722
   273/499     5.25G   0.02094  0.002981  0.006385  0.008439   0.03874         3       800    0.5473    0.6864    0.6725    0.5364   0.01459  0.003793   0.01721
   274/499     5.25G   0.02075  0.003014  0.005809  0.008302   0.03788         2       800    0.5467    0.6864    0.6726     0.536   0.01458  0.003792    0.0172
   275/499     5.25G   0.02029  0.002925  0.005765  0.008255   0.03723         5       800    0.5465    0.6864    0.6725    0.5359   0.01458   0.00379    0.0172
   276/499     5.25G   0.02024  0.002923  0.005377   0.00798   0.03652         2       800     0.547    0.6864    0.6726    0.5362   0.01457  0.003789   0.01718
   277/499     5.25G   0.02067  0.002989  0.005552  0.008315   0.03753         2       800    0.5476    0.6864    0.6726     0.536   0.01456  0.003788   0.01717
   278/499     5.25G   0.02031  0.002918   0.00551   0.00798   0.03672         2       800    0.5474    0.6864    0.6726     0.536   0.01455  0.003785   0.01715
   279/499     5.25G   0.02018  0.002894  0.005134  0.007859   0.03607         7       800    0.5477    0.6863    0.6726    0.5359   0.01454  0.003783   0.01714
   280/499     5.25G   0.01998  0.002906  0.005295  0.007682   0.03586         2       800    0.5472    0.6855    0.6727     0.536   0.01453  0.003781   0.01712
   281/499     5.25G   0.01948    0.0029  0.005484  0.007777   0.03564         2       800    0.5471    0.6857    0.6727    0.5397   0.01452  0.003778   0.01711
   282/499     5.25G   0.02027  0.002913   0.00532  0.007919   0.03642         7       800    0.5465    0.6856    0.6727    0.5397   0.01451  0.003775    0.0171
   283/499     5.25G   0.02016  0.002896  0.005271  0.008467    0.0368         2       800    0.5472    0.6855    0.6727    0.5399   0.01451  0.003773   0.01709
   284/499     5.25G   0.01966  0.002907  0.005469  0.007811   0.03585         1       800    0.5478    0.6855    0.6727    0.5397   0.01451  0.003771   0.01708
   285/499     5.25G    0.0198  0.002908  0.005376  0.007871   0.03595         2       800    0.5476    0.6855    0.6727    0.5403   0.01451  0.003769   0.01707
   286/499     5.25G   0.02074  0.002965  0.005624  0.008355   0.03768         5       800    0.5482    0.6855    0.6727    0.5404   0.01451  0.003767   0.01705
   287/499     5.25G   0.01961  0.002889  0.006052  0.007884   0.03643         6       800    0.5483    0.6856    0.6727    0.5403    0.0145  0.003765   0.01704
   288/499     5.25G   0.02009  0.002912  0.005269  0.007503   0.03577         4       800     0.548    0.6855    0.6727    0.5404   0.01449  0.003763   0.01702
   289/499     5.25G      0.02  0.002836  0.005119  0.007699   0.03566         6       800    0.5483    0.6855    0.6727    0.5405   0.01449  0.003761   0.01701
   290/499     5.25G    0.0196  0.002869  0.005221  0.007832   0.03552         4       800    0.5486    0.6855    0.6727    0.5436   0.01449   0.00376     0.017
   291/499     5.25G   0.01998  0.002896  0.004982   0.00803   0.03589         8       800    0.5488    0.6855    0.6726    0.5436   0.01449  0.003759   0.01698
   292/499     5.25G   0.02048  0.002995  0.006194  0.009281   0.03895         4       800    0.5483    0.6855    0.6727    0.5438   0.01448  0.003757   0.01696
   293/499     5.25G    0.0207  0.002943  0.006069  0.008645   0.03836         2       800    0.5484    0.6855    0.6727    0.5442   0.01447  0.003754   0.01695
   294/499     5.25G   0.01954  0.002914  0.005382  0.008189   0.03602         3       800    0.5483    0.6855    0.6728    0.5443   0.01447   0.00375   0.01694
   295/499     5.25G   0.01984  0.002875  0.005287  0.007816   0.03582         5       800    0.5483    0.6855    0.6728    0.5441   0.01447  0.003748   0.01692
   296/499     5.25G   0.01938  0.002842  0.005293  0.007632   0.03515         2       800    0.5487    0.6855    0.6729    0.5442   0.01446  0.003745    0.0169
   297/499     5.25G    0.0201  0.002817  0.005379  0.008286   0.03658         3       800    0.5491    0.6855    0.6729    0.5447   0.01445  0.003743   0.01689
   298/499     5.25G   0.01959  0.002828  0.005274  0.007885   0.03558         2       800    0.5493    0.6855    0.6729     0.545   0.01445  0.003741   0.01687
   299/499     5.25G   0.01962  0.002765  0.005217  0.007943   0.03554         4       800    0.5493    0.6855    0.6729    0.5447   0.01444  0.003738   0.01685
   300/499     5.25G   0.02035  0.002862  0.005726  0.007815   0.03675         2       800    0.5494    0.6855    0.6729    0.5452   0.01443  0.003736   0.01684
   301/499     5.25G   0.02002  0.002803  0.005123  0.008144   0.03609         6       800    0.5495    0.6855     0.673    0.5451   0.01442  0.003734   0.01682
   302/499     5.25G   0.01976  0.002847  0.005245  0.007566   0.03542        10       800    0.5497    0.6855     0.673    0.5455   0.01441  0.003732   0.01681
   303/499     5.25G   0.01975  0.002852  0.005153  0.007999   0.03576         5       800    0.5497    0.6855     0.673    0.5456    0.0144   0.00373   0.01679
   304/499     5.25G   0.01929  0.002748  0.004839  0.007602   0.03448         8       800    0.5498    0.6855    0.6731    0.5455   0.01439  0.003728   0.01677
   305/499     5.25G   0.01942   0.00281  0.004835  0.007563   0.03463         2       800      0.55    0.6855     0.673    0.5454   0.01438  0.003726   0.01676
   306/499     5.25G   0.01931  0.002773  0.004956  0.007587   0.03462         2       800    0.5504    0.6858     0.673    0.5454   0.01438  0.003724   0.01675
   307/499     5.25G   0.01949  0.002809  0.004983  0.007864   0.03515         2       800    0.5507    0.6858     0.673    0.5455   0.01437  0.003722   0.01674
   308/499     5.25G    0.0193  0.002836  0.005261  0.007602     0.035         2       800    0.5512    0.6857     0.673    0.5459   0.01437   0.00372   0.01672
   309/499     5.25G    0.0202  0.002944  0.005477  0.008499   0.03712        11       800    0.5514    0.6857     0.673    0.5461   0.01436  0.003718   0.01671
   310/499     5.25G   0.02115  0.003072   0.00646   0.01024   0.04091         2       800    0.5509    0.6858     0.673    0.5463   0.01435  0.003715   0.01668
   311/499     5.25G   0.02098  0.002985  0.006113  0.008524    0.0386         2       800    0.5502    0.6856    0.6729    0.5454   0.01435  0.003713   0.01664
   312/499     5.25G   0.02029  0.002919  0.005252  0.007893   0.03636         2       800    0.5499    0.6855    0.6729    0.5457   0.01434  0.003712   0.01661
   313/499     5.25G   0.02009  0.002887  0.005201   0.00776   0.03593         2       800    0.5501    0.6855    0.6729    0.5456   0.01434   0.00371   0.01659
   314/499     5.25G   0.01933  0.002867  0.005835  0.007947   0.03598         4       800    0.5519    0.6864    0.6729     0.546   0.01433  0.003709   0.01655
   315/499     5.25G   0.01929  0.002829  0.005067  0.007402   0.03459         4       800    0.5522    0.6865    0.6738    0.5469   0.01433  0.003707   0.01653
   316/499     5.25G   0.01988   0.00281  0.005298  0.007689   0.03568         4       800    0.5525    0.6865    0.6738     0.547   0.01433  0.003705    0.0165
   317/499     5.25G   0.01905  0.002753  0.004896  0.007536   0.03423         3       800    0.5521    0.6865    0.6738    0.5468   0.01432  0.003703   0.01648
   318/499     5.25G   0.01887  0.002767  0.004726  0.007368   0.03373         2       800    0.5518    0.6868    0.6738     0.547   0.01431  0.003701   0.01644
   319/499     5.25G   0.01873  0.002761  0.004958  0.007256   0.03371         7       800    0.5517    0.6873    0.6738    0.5471    0.0143  0.003699   0.01642
   320/499     5.25G   0.01895  0.002706  0.004561  0.007318   0.03354         2       800    0.5519    0.6873    0.6738    0.5471    0.0143  0.003697    0.0164
   321/499     5.25G   0.01867  0.002756   0.00436  0.007061   0.03284         7       800    0.5516    0.6873    0.6738    0.5473   0.01429  0.003695   0.01638
   322/499     5.25G   0.01946  0.002818  0.005306  0.007541   0.03513         2       800    0.5515    0.6874    0.6741    0.5477   0.01428  0.003692   0.01636
   323/499     5.25G   0.01936  0.002771  0.005125   0.00734   0.03459         2       800    0.5516    0.6874    0.6749    0.5484   0.01428   0.00369   0.01634
   324/499     5.25G   0.01888  0.002783   0.00442  0.007013   0.03309         5       800    0.5511    0.6874    0.6748    0.5486   0.01427  0.003688   0.01632
   325/499     5.25G   0.01909  0.002741  0.004498  0.007003   0.03333         4       800    0.5514    0.6874    0.6748    0.5488   0.01427  0.003686    0.0163
   326/499     5.25G   0.01893  0.002867   0.00472  0.007936   0.03446         4       800    0.5514    0.6874    0.6749    0.5488   0.01427  0.003683   0.01628
   327/499     5.25G   0.01958  0.002855  0.005571  0.008428   0.03643         2       800    0.5518    0.6874    0.6749    0.5491   0.01426  0.003681   0.01626
   328/499     5.25G   0.01945  0.002851  0.005223  0.008438   0.03597         8       800    0.5518    0.6874    0.6749    0.5493   0.01426   0.00368   0.01625
   329/499     5.25G   0.01915  0.002853  0.005049  0.007608   0.03466         5       800    0.5526    0.6874    0.6749    0.5493   0.01426  0.003677   0.01623
   330/499     5.25G   0.01945  0.002736  0.004476  0.007563   0.03422         6       800    0.5531    0.6874    0.6757      0.55   0.01425  0.003675   0.01621
   331/499     5.25G     0.019  0.002769     0.005  0.007569   0.03433         2       800    0.5535    0.6874    0.6773    0.5516   0.01424  0.003673    0.0162
   332/499     5.25G    0.0191   0.00272  0.005174  0.007338   0.03433         2       800    0.5537    0.6874    0.6773    0.5518   0.01424  0.003672   0.01618
   333/499     5.25G   0.01835  0.002664  0.004692  0.006925   0.03263         2       800    0.5536    0.6874    0.6773    0.5516   0.01423   0.00367   0.01616
   334/499     5.25G   0.01871   0.00269  0.004566  0.007352   0.03332         8       800    0.5536    0.6874    0.6773    0.5522   0.01422  0.003668   0.01614
   335/499     5.25G   0.01952  0.002732  0.004836  0.007645   0.03473         2       800    0.5536    0.6874    0.6782     0.553   0.01422  0.003665   0.01611
   336/499     5.25G   0.01881  0.002732  0.005213  0.007397   0.03415         9       800    0.5537    0.6875    0.6782    0.5529   0.01422  0.003663    0.0161
   337/499     5.25G   0.01865  0.002689  0.004585  0.007323   0.03325         6       800     0.554    0.6875    0.6782    0.5529   0.01422  0.003661   0.01608
   338/499     5.25G   0.01898  0.002728  0.005041  0.007705   0.03445        12       800    0.5541    0.6875    0.6782    0.5527   0.01421  0.003658   0.01606
   339/499     5.25G   0.01854  0.002753  0.004823  0.007636   0.03375        13       800    0.5543    0.6874    0.6831    0.5576   0.01421  0.003656   0.01603
   340/499     5.25G   0.01843   0.00272  0.004635  0.007642   0.03343         4       800    0.5546    0.6874    0.6831    0.5574    0.0142  0.003654     0.016
   341/499     5.25G   0.01862  0.002761   0.00457  0.007376   0.03332         3       800    0.5548    0.6874    0.6831    0.5573   0.01419  0.003651   0.01598
   342/499     5.25G   0.01859  0.002665  0.004732  0.007412    0.0334         2       800    0.5548    0.6874    0.6832     0.554   0.01419  0.003649   0.01596
   343/499     5.25G   0.01792  0.002707  0.004345  0.007046   0.03202         4       800    0.5552    0.6874     0.684    0.5579   0.01418  0.003647   0.01593
   344/499     5.25G    0.0183  0.002633  0.004083  0.007218   0.03223         2       800    0.5556    0.6874     0.684    0.5544   0.01418  0.003644   0.01591
   345/499     5.25G    0.0186  0.002686  0.004725  0.007067   0.03308         1       800     0.557    0.6874     0.684    0.5546   0.01418  0.003642   0.01589
   346/499     5.25G   0.01868  0.002709  0.004608  0.007075   0.03308         1       800    0.5565    0.6878    0.6841    0.5546   0.01418   0.00364   0.01587
   347/499     5.25G   0.01834  0.002657   0.00414  0.007139   0.03228         8       800    0.5565    0.6878     0.684    0.5547   0.01417  0.003638   0.01584
   348/499     5.25G   0.01841  0.002711  0.004459  0.007089   0.03267         2       800    0.5567    0.6879     0.684    0.5547   0.01416  0.003636   0.01581
   349/499     5.25G   0.01824  0.002684  0.004068  0.007041   0.03204         2       800    0.5575    0.6879    0.6841    0.5548   0.01415  0.003634   0.01579
   350/499     5.25G   0.01823  0.002709  0.004056  0.007002     0.032         2       800    0.5582     0.688    0.6841    0.5553   0.01415  0.003632   0.01577
   351/499     5.25G   0.01863  0.002688  0.004888  0.007827   0.03404         3       800    0.5585     0.688    0.6841    0.5552   0.01414  0.003629   0.01575
   352/499     5.25G   0.01814  0.002679  0.004573  0.007441   0.03284         2       800    0.5587     0.688    0.6841    0.5552   0.01413  0.003627   0.01572
   353/499     5.25G   0.01919  0.002797  0.005401   0.00794   0.03533         2       800    0.5597     0.688     0.684    0.5554   0.01412  0.003626    0.0157
   354/499     5.25G   0.01862  0.002694  0.004625  0.007013   0.03295         6       800    0.5601    0.6886     0.684    0.5555    0.0141  0.003624   0.01568
   355/499     5.25G   0.01803  0.002648  0.004339  0.006797   0.03182         4       800    0.5602    0.6886     0.684    0.5556    0.0141  0.003622   0.01566
   356/499     5.25G   0.01822  0.002675  0.004631  0.007305   0.03283         2       800    0.5601    0.6886    0.6841    0.5557    0.0141   0.00362   0.01564
   357/499     5.25G   0.01823   0.00264  0.004833  0.007304   0.03301         2       800      0.56    0.6886    0.6841    0.5555    0.0141  0.003618   0.01562
   358/499     5.25G   0.01843   0.00264   0.00458  0.006985   0.03264         6       800      0.56    0.6886    0.6841    0.5558    0.0141  0.003617   0.01559
   359/499     5.25G   0.01785  0.002686  0.004369  0.006794    0.0317         5       800    0.5599    0.6886     0.684    0.5557    0.0141  0.003614   0.01557
   360/499     5.25G   0.01751  0.002619  0.004246  0.007087   0.03147         7       800    0.5604    0.6886    0.6841    0.5556   0.01409  0.003612   0.01555
   361/499     5.25G    0.0174  0.002635  0.004488  0.006817   0.03134         2       800    0.5599    0.6886    0.6841    0.5556   0.01409   0.00361   0.01553
   362/499     5.25G   0.01763  0.002582  0.004174  0.006835   0.03122         8       800    0.5601    0.6886    0.6841    0.5596   0.01408  0.003608   0.01551
   363/499     5.25G   0.01775  0.002635  0.004108  0.006901    0.0314         5       800    0.5602    0.6886    0.6841    0.5557   0.01408  0.003606   0.01548
   364/499     5.25G   0.01774  0.002564    0.0042  0.006792    0.0313         2       800    0.5604    0.6886    0.6841    0.5556   0.01408  0.003603   0.01546
   365/499     5.25G   0.01811  0.002704  0.004421   0.00726   0.03249         2       800    0.5604    0.6886    0.6846    0.5562   0.01409  0.003601   0.01544
   366/499     5.25G   0.01775  0.002657  0.003907  0.007004   0.03132         5       800    0.5609    0.6886    0.6846    0.5561   0.01408  0.003599   0.01542
   367/499     5.25G   0.01777  0.002644  0.004247  0.006945   0.03161         9       800    0.5612    0.6886    0.6846    0.5561   0.01408  0.003597    0.0154
   368/499     5.25G   0.01806  0.002653  0.004611  0.006958   0.03228         9       800     0.561    0.6886    0.6846    0.5562   0.01407  0.003594   0.01538
   369/499     5.25G   0.01773  0.002561  0.004541   0.00734   0.03218         1       800    0.5611    0.6885    0.6846    0.5563   0.01406  0.003593   0.01537
   370/499     5.25G   0.01749   0.00262  0.003838  0.006794   0.03074         3       800    0.5611    0.6885    0.6847    0.5564   0.01406  0.003591   0.01535
   371/499     5.25G    0.0176  0.002573   0.00418  0.006732   0.03108         3       800    0.5614    0.6885    0.6847    0.5562   0.01405  0.003589   0.01533
   372/499     5.25G   0.01752  0.002588  0.004115  0.006465   0.03068         3       800    0.5616    0.6885    0.6846    0.5559   0.01405  0.003587   0.01531
   373/499     5.25G   0.01768  0.002558  0.004378  0.006815   0.03143         2       800    0.5616    0.6885    0.6856    0.5568   0.01404  0.003585   0.01528
   374/499     5.25G   0.01738  0.002613  0.003893  0.006822    0.0307         2       800    0.5608    0.6885    0.6857    0.5571   0.01403  0.003584   0.01526
   375/499     5.25G   0.01701  0.002526  0.003955  0.006722   0.03022         2       800    0.5609    0.6884    0.6857    0.5566   0.01401  0.003582   0.01524
   376/499     5.25G   0.01705  0.002559  0.004061  0.006407   0.03008         2       800    0.5608    0.6884    0.6864    0.5571   0.01401  0.003579   0.01521
   377/499     5.25G   0.01807  0.002548  0.004477  0.006642   0.03174         3       800    0.5606    0.6884    0.6864     0.557     0.014  0.003577   0.01519
   378/499     5.25G   0.01793  0.002567  0.004484  0.006666   0.03165         2       800    0.5608    0.6884    0.6864     0.557     0.014  0.003575   0.01517
   379/499     5.25G   0.01742  0.002568  0.004158  0.006773   0.03092         8       800    0.5612    0.6884    0.6865    0.5574   0.01399  0.003572   0.01515
   380/499     5.25G   0.01756  0.002593  0.003857  0.006699   0.03071         5       800    0.5614    0.6884    0.6866    0.5573   0.01399  0.003569   0.01513
   381/499     5.25G   0.01761  0.002587  0.005065  0.006769   0.03203         2       800     0.561    0.6884    0.6866    0.5576   0.01399  0.003567   0.01512
   382/499     5.25G   0.01761  0.002594  0.004033  0.006843   0.03108         2       800    0.5609     0.688    0.6866    0.5574   0.01398  0.003565   0.01509
   383/499     5.25G   0.01777  0.002585  0.004083  0.006951   0.03139         3       800    0.5614     0.688    0.6866    0.5576   0.01398  0.003563   0.01507
   384/499     5.25G   0.01767    0.0026  0.004426  0.006809   0.03151         2       800    0.5617     0.688    0.6867    0.5574   0.01396  0.003561   0.01504
   385/499     5.25G    0.0174  0.002585  0.003955  0.006702   0.03064         7       800    0.5619     0.688    0.6867     0.561   0.01396  0.003559   0.01502
   386/499     5.25G   0.01785  0.002579  0.003851  0.006786   0.03107         7       800    0.5623     0.688    0.6867    0.5613   0.01396  0.003557     0.015
   387/499     5.25G   0.01733  0.002569   0.00428  0.007383   0.03156         5       800    0.5626     0.688    0.6868    0.5608   0.01396  0.003555   0.01497
   388/499     5.25G   0.01819  0.002641  0.004654  0.007591   0.03308         2       800    0.5628     0.688    0.6867    0.5605   0.01396  0.003553   0.01495
   389/499     5.25G   0.01755  0.002583  0.004068  0.007241   0.03144         1       800    0.5635     0.688    0.6868    0.5604   0.01396  0.003551   0.01494
   390/499     5.25G   0.01725  0.002611  0.004231  0.006986   0.03108         4       800    0.5638     0.688    0.6868    0.5605   0.01396  0.003548   0.01492
   391/499     5.25G    0.0168  0.002531  0.004135  0.006567   0.03003         1       800    0.5638     0.688    0.6868    0.5607   0.01396  0.003546    0.0149
   392/499     5.25G   0.01676  0.002522  0.004033  0.006675   0.02999         5       800     0.564     0.688    0.6869    0.5608   0.01396  0.003544   0.01488
   393/499     5.25G    0.0168  0.002582  0.003704  0.006719    0.0298         4       800    0.5639     0.688    0.6868    0.5606   0.01396  0.003542   0.01486
   394/499     5.25G   0.01753  0.002592  0.003713  0.006639   0.03047         2       800     0.564     0.688    0.6869    0.5606   0.01396  0.003539   0.01484
   395/499     5.25G    0.0173  0.002554  0.003903  0.006602   0.03035        11       800    0.5638     0.688    0.6869    0.5609   0.01395  0.003537   0.01481
   396/499     5.25G   0.01767  0.002588  0.004494  0.006596   0.03135         2       800    0.5635     0.688    0.6877    0.5614   0.01394  0.003534   0.01479
   397/499     5.25G   0.01734  0.002563  0.004195  0.006636   0.03073         2       800    0.5637     0.688    0.6877    0.5613   0.01394  0.003532   0.01477
   398/499     5.25G   0.01682  0.002529  0.003723  0.006275   0.02935         6       800    0.5645     0.688    0.6877    0.5611   0.01394   0.00353   0.01475
   399/499     5.25G   0.01749   0.00254  0.004274  0.006855   0.03116         2       800    0.5642     0.688    0.6877    0.5612   0.01393  0.003528   0.01473
   400/499     5.25G   0.01748  0.002609   0.00441  0.007078   0.03158         8       800    0.5647     0.688    0.6878    0.5614   0.01393  0.003526    0.0147
   401/499     5.25G   0.01729  0.002582  0.003969  0.006787   0.03063         5       800    0.5654     0.688    0.6878    0.5612   0.01391  0.003525   0.01468
   402/499     5.25G   0.01709  0.002568  0.004148  0.006899   0.03071         2       800    0.5657     0.688    0.6878    0.5613   0.01391  0.003523   0.01465
   403/499     5.25G   0.01721  0.002576  0.004263   0.00694   0.03099         2       800    0.5662     0.688    0.6878    0.5613    0.0139  0.003521   0.01463
   404/499     5.25G   0.01715  0.002521  0.003788  0.006482   0.02994         2       800    0.5669     0.688    0.6877    0.5614    0.0139  0.003519   0.01461
   405/499     5.25G   0.01691  0.002515  0.004129  0.006521   0.03008         2       800     0.567     0.688    0.6877    0.5612   0.01389  0.003517   0.01458
   406/499     5.25G   0.01708  0.002574  0.004201  0.006746    0.0306         6       800    0.5672     0.688    0.6878     0.561   0.01388  0.003515   0.01456
   407/499     5.25G   0.01645  0.002488  0.003818  0.006217   0.02897         2       800    0.5674     0.688    0.6878     0.561   0.01388  0.003514   0.01454
   408/499     5.25G   0.01694  0.002575  0.003635  0.006501   0.02965         7       800     0.568     0.688    0.6878    0.5611   0.01388  0.003511   0.01451
   409/499     5.25G   0.01675  0.002562  0.004119  0.006879   0.03031         3       800    0.5681     0.688    0.6879    0.5611   0.01388  0.003509   0.01449
   410/499     5.25G   0.01742  0.002597  0.004176  0.006875   0.03107         2       800    0.5681     0.688    0.6879    0.5611   0.01387  0.003507   0.01447
   411/499     5.25G   0.01686  0.002548  0.004451  0.006789   0.03065         4       800    0.5686     0.688    0.6879    0.5611   0.01387  0.003505   0.01444
   412/499     5.25G   0.01683  0.002506  0.003711  0.006824   0.02987         2       800    0.5685     0.688    0.6879    0.5611   0.01388  0.003504   0.01442
   413/499     5.25G   0.01671  0.002543  0.003442  0.006435   0.02913         6       800    0.5685     0.688    0.6879    0.5613   0.01388  0.003502    0.0144
   414/499     5.25G   0.01666  0.002484  0.003595  0.006365   0.02911         3       800    0.5695     0.688     0.688    0.5612   0.01388    0.0035   0.01437
   415/499     5.25G   0.01678  0.002506  0.003842  0.006357   0.02948         2       800    0.5691     0.688     0.688    0.5612   0.01388  0.003498   0.01435
   416/499     5.25G   0.01658  0.002497  0.003616  0.006572   0.02927         2       800     0.569     0.688     0.688    0.5678   0.01388  0.003496   0.01432
   417/499     5.25G   0.01661  0.002455  0.003572  0.006369     0.029         2       800    0.5683     0.688    0.6881    0.5676   0.01388  0.003495   0.01429
   418/499     5.25G   0.01655  0.002483  0.003903  0.006307   0.02924         3       800    0.5684     0.688    0.6881    0.5684   0.01388  0.003493   0.01427
   419/499     5.25G   0.01664  0.002525   0.00372  0.006538   0.02942        12       800    0.5689     0.688    0.6881    0.5679   0.01387   0.00349   0.01424
   420/499     5.25G   0.01708  0.002503  0.003697  0.006484   0.02976         4       800     0.569     0.688    0.6882    0.5679   0.01387  0.003489   0.01422
   421/499     5.25G    0.0165  0.002493  0.003726  0.006345   0.02906         4       800    0.5693     0.688    0.6883    0.5681   0.01387  0.003487    0.0142
   422/499     5.25G   0.01688  0.002486  0.004028   0.00646   0.02985         1       800    0.5696     0.688    0.6884    0.5682   0.01387  0.003485   0.01416
   423/499     5.25G   0.01651  0.002498  0.003631  0.006372   0.02901         2       800    0.5697     0.688    0.6884    0.5677   0.01388  0.003483   0.01414
   424/499     5.25G   0.01637  0.002457  0.003671   0.00619   0.02869         3       800    0.5699     0.688    0.6885    0.5681   0.01388  0.003482   0.01411
   425/499     5.25G   0.01635  0.002422   0.00369  0.006254   0.02872         6       800    0.5702     0.688    0.6885    0.5682   0.01388   0.00348   0.01409
   426/499     5.25G   0.01697  0.002468  0.003538  0.006407   0.02939         2       800    0.5701     0.688    0.6887    0.5682   0.01388  0.003479   0.01407
   427/499     5.25G   0.01635  0.002508  0.003832  0.006193   0.02889         9       800    0.5703     0.688    0.6888    0.5682   0.01388  0.003477   0.01404
   428/499     5.25G   0.01578  0.002425   0.00343  0.006063    0.0277         3       800    0.5705     0.688    0.6889    0.5682   0.01388  0.003476   0.01402
   429/499     5.25G   0.01652  0.002425  0.003602  0.006278   0.02882         4       800    0.5711     0.688    0.6889    0.5686   0.01389  0.003473   0.01399
   430/499     5.25G   0.01628  0.002474  0.003653   0.00625   0.02866         8       800    0.5722     0.688    0.6892    0.5688   0.01388  0.003471   0.01397
   431/499     5.25G    0.0164   0.00248  0.003527  0.006278   0.02869         3       800    0.5726     0.688    0.6893    0.5688   0.01389  0.003469   0.01394
   432/499     5.25G   0.01635  0.002407  0.003541  0.006172   0.02847         2       800    0.5734     0.688    0.6894    0.5692   0.01389  0.003467   0.01392
   433/499     5.25G   0.01621  0.002446  0.003547  0.006177   0.02838         4       800    0.5735     0.688    0.6898    0.5697   0.01388  0.003465   0.01389
   434/499     5.25G   0.01622  0.002453   0.00352  0.006165   0.02835         2       800    0.5736     0.688    0.6902      0.57   0.01388  0.003463   0.01386
   435/499     5.25G    0.0159   0.00246  0.003288  0.006014   0.02766         2       800    0.5735     0.688    0.6905    0.5701   0.01388  0.003461   0.01383
   436/499     5.25G   0.01641  0.002383  0.003802  0.006311   0.02891         2       800    0.5736     0.688    0.6906    0.5702   0.01388   0.00346   0.01381
   437/499     5.25G    0.0163  0.002411  0.003808  0.006102   0.02862         2       800    0.5738     0.688    0.6918    0.5711   0.01389  0.003458   0.01378
   438/499     5.25G   0.01668  0.002431  0.003595  0.006169   0.02887         2       800     0.574     0.688    0.6938    0.5728   0.01388  0.003457   0.01376
   439/499     5.25G   0.01647  0.002481  0.003702  0.006235   0.02888         6       800     0.574     0.688    0.6949    0.5739   0.01388  0.003456   0.01373
   440/499     5.25G   0.01608  0.002472  0.003524  0.006686   0.02877         2       800    0.5742     0.688    0.6985    0.5772   0.01388  0.003454   0.01371
   441/499     5.25G   0.01587  0.002436  0.003563  0.006151   0.02802         4       800    0.5745     0.688    0.6985     0.577   0.01388  0.003452   0.01368
   442/499     5.25G    0.0159  0.002444  0.003411  0.005975   0.02773         3       800    0.5748     0.688    0.7013    0.5795   0.01387  0.003451   0.01365
   443/499     5.25G   0.01655  0.002415  0.003573  0.006373   0.02892         2       800    0.6415    0.6954    0.7045    0.5827   0.01388  0.003449   0.01363
   444/499     5.25G   0.01606  0.002445  0.003413  0.006132   0.02805         3       800     0.641    0.6954    0.7101    0.5875   0.01388  0.003448   0.01361
   445/499     5.25G   0.01629  0.002421  0.003367  0.006537   0.02862         2       800    0.6409    0.6954    0.7101    0.5876   0.01388  0.003447   0.01359
   446/499     5.25G   0.01616  0.002382   0.00363  0.006018   0.02819         2       800    0.6408    0.6954    0.7101     0.588   0.01388  0.003446   0.01357
   447/499     5.25G   0.01574  0.002414  0.003511   0.00599   0.02766         6       800    0.6406    0.6954    0.7102    0.5881   0.01388  0.003445   0.01354
   448/499     5.25G   0.01587  0.002361  0.003746  0.005836   0.02781         2       800    0.6408    0.6954    0.7103    0.5881   0.01388  0.003443   0.01352
   449/499     5.25G   0.01603  0.002345  0.003647  0.005912   0.02794         5       800    0.6407    0.6954    0.7103    0.5882   0.01388  0.003441    0.0135
   450/499     5.25G   0.01575  0.002376   0.00309   0.00584   0.02705         2       800     0.707    0.7288    0.7272    0.6033   0.01388  0.003439   0.01348
   451/499     5.25G     0.016  0.002405  0.003913  0.006086    0.0284         6       800     0.707    0.7288    0.7275    0.6033   0.01388  0.003438   0.01345
   452/499     5.25G   0.01607  0.002435  0.003764  0.006414   0.02868         2       800     0.707    0.7288     0.728     0.604   0.01388  0.003437   0.01342
   453/499     5.25G   0.01624  0.002393  0.003218  0.006251   0.02811         6       800     0.707    0.7288     0.731    0.6066   0.01387  0.003434    0.0134
   454/499     5.25G   0.01587  0.002373  0.003725  0.006152   0.02812         5       800    0.7071    0.7288    0.7311    0.6071   0.01386  0.003432   0.01337
   455/499     5.25G   0.01582  0.002441  0.003421  0.006052   0.02774         4       800    0.7072    0.7288    0.7312    0.6066   0.01386   0.00343   0.01335
   456/499     5.25G   0.01587  0.002395  0.003486  0.006023   0.02777         4       800    0.7077    0.7288    0.7315    0.6074   0.01386  0.003428   0.01333
   457/499     5.25G   0.01641  0.002422  0.003534  0.006275   0.02864         3       800    0.7078    0.7285    0.7317    0.6077   0.01386  0.003426    0.0133
   458/499     5.25G   0.01626  0.002443  0.003298  0.006079   0.02808         3       800    0.7086    0.7285     0.734    0.6097   0.01386  0.003424   0.01327
   459/499     5.25G   0.01608  0.002421  0.003431  0.005867    0.0278         2       800    0.7095    0.7285     0.734    0.6096   0.01386  0.003422   0.01325
   460/499     5.25G   0.01615  0.002398  0.003339  0.006047   0.02793         6       800    0.7106    0.7285    0.7349    0.6103   0.01386   0.00342   0.01322
   461/499     5.25G   0.01565  0.002393  0.003213  0.006091   0.02734         2       800    0.7113    0.7285    0.7358    0.6112   0.01386  0.003417    0.0132
   462/499     5.25G   0.01581  0.002332  0.003263  0.006022   0.02743         2       800    0.7114    0.7285    0.7379    0.6132   0.01386  0.003415   0.01317
   463/499     5.25G   0.01622  0.002367  0.003406  0.006253   0.02825         2       800    0.7114    0.7285    0.7409    0.6152   0.01386  0.003413   0.01314
   464/499     5.25G   0.01572  0.002366  0.003643  0.006252   0.02798         8       800    0.7118    0.7285     0.741    0.6151   0.01386  0.003411   0.01312
   465/499     5.25G   0.01554  0.002415  0.003042  0.006055   0.02705         4       800    0.7124    0.7294    0.7394    0.6136   0.01386  0.003409   0.01308
   466/499     5.25G   0.01619    0.0024  0.003108  0.006138   0.02783         2       800    0.7122    0.7294    0.7412    0.6145   0.01385  0.003408   0.01305
   467/499     5.25G   0.01565  0.002358  0.003273  0.005796   0.02708         3       800    0.7122    0.7294    0.7412    0.6145   0.01385  0.003406   0.01303
   468/499     5.25G   0.01608  0.002381  0.003292   0.00601   0.02776         2       800    0.7122    0.7294    0.7413    0.6144   0.01385  0.003405   0.01299
   469/499     5.25G    0.0161  0.002399  0.003616  0.006062   0.02817         2       800    0.7122    0.7294    0.7415    0.6146   0.01385  0.003403   0.01297
   470/499     5.25G   0.01574  0.002322  0.003149  0.005862   0.02707         5       800    0.7125    0.7294    0.7367    0.6102   0.01385  0.003402   0.01294
   471/499     5.25G   0.01596  0.002375  0.003469  0.005929   0.02773         2       800    0.7125    0.7294    0.7384    0.6119   0.01385    0.0034   0.01291
   472/499     5.25G   0.01651  0.002399  0.003236  0.006054    0.0282         3       800    0.7124    0.7294    0.7369    0.6106   0.01385  0.003398   0.01288
   473/499     5.25G   0.01605  0.002341  0.003365   0.00599   0.02775         2       800    0.7129    0.7294    0.7386    0.6121   0.01385  0.003397   0.01285
   474/499     5.25G   0.01601  0.002397  0.003663  0.005911   0.02798         2       800    0.7129    0.7294     0.737    0.6106   0.01384  0.003395   0.01283
   475/499     5.25G   0.01648  0.002344  0.003339  0.006011   0.02817         2       800    0.7128    0.7294    0.7387    0.6122   0.01385  0.003393    0.0128
   476/499     5.25G    0.0165  0.002499  0.003478  0.006253   0.02873        10       800    0.7124    0.7294    0.7389    0.6123   0.01385  0.003391   0.01278
   477/499     5.25G    0.0159  0.002386  0.003561  0.006172   0.02802         2       800    0.7122    0.7294    0.7441    0.6169   0.01385   0.00339   0.01275
   478/499     5.25G   0.01597  0.002371  0.003197  0.006371   0.02791         2       800    0.7121    0.7294    0.7393    0.6124   0.01386  0.003387   0.01272
   479/499     5.25G    0.0162  0.002428  0.003301  0.006221   0.02814         8       800     0.711    0.7295      0.74    0.6134   0.01385  0.003386    0.0127
   480/499     5.25G   0.01562  0.002342  0.003759   0.00594   0.02766         3       800    0.7109    0.7295    0.7388    0.6119   0.01386  0.003384   0.01267
   481/499     5.25G    0.0156  0.002331  0.003331  0.006095   0.02735         5       800    0.7109    0.7295    0.7389    0.6119   0.01386  0.003382   0.01264
   482/499     5.25G   0.01626  0.002412  0.003524  0.006567   0.02876         2       800    0.7105    0.7295    0.7404    0.6129   0.01387  0.003381   0.01262
   483/499     5.25G   0.01616  0.002365  0.003736  0.006748   0.02901         2       800    0.7106    0.7295    0.7424    0.6141   0.01386  0.003379   0.01259
   484/499     5.25G   0.01579  0.002397  0.003299  0.006686   0.02817         3       800    0.7106    0.7297    0.7433    0.6167   0.01386  0.003378   0.01256
   485/499     5.25G   0.01536  0.002356   0.00331  0.006036   0.02706         2       800    0.7105    0.7297    0.7452    0.6183   0.01387  0.003376   0.01254
   486/499     5.25G   0.01601  0.002366  0.003511  0.006739   0.02863        10       800    0.7106    0.7297    0.7502    0.6217   0.01387  0.003374   0.01252
   487/499     5.25G   0.01557  0.002405  0.003095  0.006184   0.02725         2       800    0.7109    0.7296    0.7505    0.6219   0.01388  0.003372   0.01249
   488/499     5.25G   0.01541  0.002401  0.003175   0.00587   0.02686         6       800    0.7101    0.7292    0.7546    0.6253   0.01388  0.003369   0.01247
   489/499     5.25G   0.01566  0.002358  0.003331  0.005625   0.02698         2       800    0.7101    0.7292    0.7562    0.6271   0.01388  0.003368   0.01245
   490/499     5.25G   0.01558  0.002366   0.00325  0.005927   0.02712         2       800    0.7102    0.7292    0.7574    0.6281   0.01389  0.003366   0.01242
   491/499     5.25G   0.01573  0.002332  0.003089  0.006011   0.02716         4       800    0.7096    0.7292     0.759    0.6291   0.01389  0.003365    0.0124
   492/499     5.25G   0.01601  0.002362  0.003102  0.005944   0.02742         7       800    0.7099    0.7292    0.7613    0.6306   0.01389  0.003363   0.01238
   493/499     5.25G   0.01566  0.002363  0.003386  0.005868   0.02728         2       800      0.71    0.7292    0.7613    0.6307   0.01389  0.003361   0.01235
   494/499     5.25G    0.0159  0.002345  0.003453   0.00586   0.02756         2       800    0.7097    0.7292    0.7646    0.6333   0.01389   0.00336   0.01233
   495/499     5.25G   0.01551  0.002359  0.003141  0.005684   0.02669         2       800      0.71    0.7292    0.7646    0.6331    0.0139  0.003358   0.01231
   496/499     5.25G   0.01571  0.002346  0.002941  0.005817   0.02682         7       800    0.7102    0.7292    0.7702    0.6376    0.0139  0.003356   0.01228
   497/499     5.25G   0.01596  0.002339  0.003431  0.006018   0.02774         5       800    0.7103    0.7292     0.759    0.6302   0.01391  0.003354   0.01226
   498/499     5.25G   0.01596   0.00234  0.003295  0.006181   0.02778         4       800    0.7103    0.7292    0.7591    0.6305   0.01391  0.003353   0.01223
   499/499     5.25G   0.01605  0.002372   0.00339  0.006115   0.02793         4       800    0.7103    0.7292    0.7702    0.6394   0.01391  0.003351   0.01221
