    21/499     6.11G   0.03274  0.006626   0.02915   0.01711   0.08563         2       640     0.215    0.4535    0.3722    0.2521   0.02802  0.007507   0.04887
    22/499     5.07G   0.03177  0.006609   0.02895   0.01687    0.0842         2       640    0.2258    0.4599    0.4237    0.2897   0.02565   0.00773   0.04561
    23/499     6.12G   0.03157   0.00657   0.02694   0.01596   0.08104         4       640    0.2132    0.4288    0.4055    0.2664   0.02965    0.0077   0.04742
    24/499     6.12G   0.03191  0.006452   0.02584   0.01635   0.08054         2       640    0.2247    0.4518    0.4216    0.2805   0.02832  0.007775   0.04387
    25/499     6.12G   0.03125  0.006443   0.02504    0.0162   0.07893         1       640    0.2435    0.4945    0.4526    0.3148   0.02614  0.007605   0.04067
    26/499     6.12G   0.03192  0.006515   0.02408   0.01589    0.0784         2       640    0.2275    0.4971    0.4584     0.325   0.02743  0.007416   0.03975
    27/499     6.12G   0.03127  0.006349   0.02329   0.01553   0.07644         8       640    0.2599    0.5152    0.4683    0.3223   0.02592  0.007556    0.0393
    28/499     6.12G    0.0313  0.006328     0.022   0.01489   0.07451         4       640    0.2819    0.5062    0.4651    0.2978   0.02744  0.007481   0.04048
    29/499     6.12G   0.03049   0.00625    0.0214   0.01456    0.0727         3       640    0.2851    0.5224    0.4925    0.3535   0.02884  0.007338     0.037
    30/499     6.12G   0.03094  0.006334      0.02   0.01425   0.07152         1       640    0.3053    0.5354    0.5114    0.3562   0.02543  0.007352   0.03635
    31/499     6.12G   0.03036  0.006217   0.02002   0.01421   0.07081         2       640     0.345    0.5358    0.5242     0.354   0.02518  0.007434   0.03558
    32/499     6.12G   0.03085  0.006167   0.01945    0.0138   0.07027         3       640    0.2926    0.5571     0.524     0.366   0.02772  0.007117   0.03416
    33/499     6.12G   0.02979  0.006033   0.01788   0.01328   0.06699         4       640    0.3077    0.5574     0.543     0.382   0.02513  0.007293   0.03311
    34/499     6.12G   0.02979   0.00599   0.01799   0.01399   0.06776        10       640    0.3141    0.5583    0.5436    0.3727   0.02488  0.007289   0.03324
    35/499     6.12G   0.03084  0.006086   0.01907   0.01433   0.07032         1       640    0.3445    0.5617    0.5428    0.3718   0.02419  0.007374   0.03284
    36/499     6.12G    0.0289  0.005895    0.0181   0.01408   0.06698         5       640    0.3442    0.5594    0.5429    0.3888   0.02392  0.007196   0.03286
    37/499     6.12G   0.02973  0.005887   0.01702    0.0138   0.06644         2       640    0.3836    0.5498    0.5567    0.3919   0.02363  0.007228   0.03272
    38/499     6.12G   0.02964   0.00599   0.01641   0.01367   0.06571         2       640     0.371    0.5556    0.5551    0.3955   0.02395  0.007091   0.03217
    39/499     6.12G   0.02924  0.005958   0.01652   0.01299   0.06471         1       640    0.4001    0.5748    0.5762    0.4302   0.02375  0.007027   0.03163
    40/499     6.12G    0.0298  0.005992    0.0159   0.01313   0.06482         3       640    0.4102    0.5463    0.5554    0.3998   0.02395  0.007117   0.03285
    41/499     6.12G   0.02904  0.005722   0.01676   0.01292   0.06444         3       640    0.3896    0.6075    0.5722    0.4361   0.02178  0.006876   0.03106
    42/499     6.12G   0.02913  0.005809   0.01519   0.01275   0.06288         4       640    0.3987    0.6145     0.575    0.4122   0.02411  0.006885   0.03066
    43/499     6.12G   0.02911   0.00565   0.01556   0.01307   0.06339         2       640    0.4042    0.5706    0.5717    0.4203    0.0219  0.007016    0.0313
    44/499     6.12G   0.02744  0.005791   0.01491   0.01238   0.06052         4       640    0.3909    0.5959    0.5702    0.4187   0.02383  0.006921   0.02971
    45/499     6.12G   0.02844  0.005726   0.01488   0.01207   0.06112         2       640    0.4094    0.6259    0.5846      0.44   0.02221    0.0068   0.03026
    46/499     6.12G   0.02872  0.005682   0.01461   0.01189    0.0609         2       640    0.4211    0.5833    0.5776    0.4322   0.02288  0.006862   0.03044
    47/499     6.12G   0.02814  0.005639   0.01427   0.01172   0.05977         2       640     0.403    0.6011    0.5827     0.438   0.02327  0.006717   0.02843
    48/499     6.12G     0.028  0.005484   0.01416   0.01124   0.05888         2       640    0.4169    0.6449    0.5884    0.4451   0.02268  0.006583   0.02849
    49/499     6.12G   0.02754  0.005576   0.01424   0.01137   0.05872         2       640     0.424    0.5823    0.5804    0.4398   0.02187  0.006578   0.02857
    50/499     6.12G   0.02753  0.005455    0.0146    0.0116   0.05918         2       640    0.4323     0.647    0.5919    0.4533   0.02128   0.00658   0.02837
    51/499     6.12G   0.02734  0.005555   0.01409   0.01189   0.05888         1       640    0.4157    0.6329    0.5894    0.4541   0.01988  0.006604   0.02793
    52/499     6.12G   0.02797  0.005685   0.01399   0.01258   0.06023         7       640    0.3966    0.5866    0.5708    0.4337   0.02163  0.006726   0.02854
    53/499     6.12G   0.02835   0.00556   0.01448   0.01194   0.06033         5       640    0.4397    0.6369    0.5929    0.4466   0.02096  0.006643   0.02725
    54/499     6.12G   0.02824  0.005537   0.01301   0.01196   0.05875         1       640    0.4366     0.636    0.6022    0.4603   0.02309  0.006486   0.02773
    55/499     6.12G   0.02684  0.005555   0.01348   0.01146   0.05734         6       640    0.4171    0.6346    0.5876    0.4558   0.01881  0.006783   0.02695
    56/499     6.12G   0.02732   0.00541   0.01266   0.01207   0.05746         5       640    0.4393    0.6279    0.5918    0.4509   0.02127  0.006446   0.02783
    57/499     6.12G   0.02692   0.00558   0.01353   0.01223   0.05826         3       640     0.438    0.6264    0.5876    0.4463   0.02433  0.006422   0.02858
    58/499     6.12G   0.02671  0.005337   0.01229   0.01092   0.05526         2       640    0.4366     0.639    0.5924    0.4631    0.0204  0.006435   0.02786
    59/499     6.12G   0.02702  0.005302   0.01234   0.01125   0.05592         2       640    0.4401    0.6487     0.602    0.4695   0.01946    0.0063   0.02763
    60/499     6.12G   0.02665  0.005254   0.01197   0.01064   0.05451         6       640    0.4545    0.6408    0.5944    0.4743   0.01945  0.006214   0.02635
    61/499     6.12G   0.02609  0.005262   0.01216    0.0106   0.05411         9       640    0.4312    0.6475    0.6011    0.4582   0.01987  0.006375   0.02631
    62/499     6.12G    0.0267  0.005413   0.01269   0.01121   0.05601         4       640    0.4526    0.6364    0.5946    0.4582    0.0203  0.006355   0.02555
    63/499     6.12G   0.02619  0.005191   0.01217   0.01099   0.05454         2       640    0.4502    0.6522    0.6401    0.5089   0.01929  0.006198    0.0262
    64/499     6.12G   0.02698  0.005477   0.01239    0.0119   0.05675         2       640    0.4439    0.6264    0.6037    0.4641   0.02057  0.006381   0.02772
    65/499     6.12G   0.02551  0.005254   0.01169   0.01083   0.05327         2       640     0.434    0.6017    0.5945    0.4636   0.01899  0.006075   0.02611
    66/499     6.12G   0.02645  0.005208    0.0117   0.01055   0.05391         2       640    0.4372    0.6447    0.6013    0.4832   0.01837  0.006272    0.0255
    67/499     6.12G   0.02514  0.005134   0.01093   0.01022   0.05143         5       640    0.4507    0.6495    0.6071    0.4895   0.01877  0.006087    0.0253
    68/499     6.12G   0.02646  0.005131   0.01218   0.01062   0.05439         2       640    0.4395    0.6154    0.5973    0.4805   0.01866  0.006251   0.02499
    69/499     6.12G   0.02517  0.005141   0.01031   0.00961   0.05023         4       640    0.4281     0.652    0.6361    0.5187   0.01773  0.006185   0.02503
    70/499     6.12G   0.02529  0.005079   0.01089  0.009875   0.05114         7       640     0.464    0.6516    0.6013    0.4749   0.01978  0.006008   0.02462
    71/499     6.12G   0.02628  0.005127   0.01115   0.01024    0.0528         4       640    0.4526    0.6174    0.5934    0.4759   0.02031  0.006118   0.02479
    72/499     6.12G   0.02533  0.004969   0.01037  0.009508   0.05017         2       640    0.4402    0.6011    0.5869    0.4726   0.01764  0.006032   0.02485
    73/499     6.12G   0.02629  0.005008   0.01094   0.01032   0.05256         4       640    0.4628     0.643    0.6052    0.4881   0.01765  0.006015   0.02403
    74/499     6.12G   0.02462  0.004963   0.01036  0.009346   0.04929         5       640    0.4626     0.615     0.599     0.492   0.01769  0.005872   0.02372
    75/499     6.12G   0.02536  0.004927  0.009921    0.0102   0.05041         9       640    0.4653    0.6362     0.611    0.5043   0.01646  0.005901   0.02386
    76/499     6.12G   0.02522  0.004829   0.01019  0.009449   0.04969         2       640    0.4546    0.6533    0.6308    0.5071   0.01901  0.005901   0.02423
    77/499     6.12G   0.02543   0.00497   0.01088   0.01045   0.05174         7       640     0.454    0.6542    0.6346     0.512     0.018  0.006024   0.02349
    78/499     6.12G   0.02531  0.004868   0.01039   0.01013   0.05069         5       640     0.469    0.6513    0.6432    0.5248   0.01789  0.005954   0.02462
    79/499     6.12G   0.02475  0.004928  0.009561  0.009184   0.04842         2       640    0.4598    0.6426    0.6414    0.5218   0.01753   0.00585   0.02431
    80/499     6.12G   0.02491  0.004899    0.0101  0.009743   0.04965         8       640    0.4459    0.6516    0.6456    0.5367   0.01734   0.00583   0.02388
    81/499     6.12G    0.0245  0.004982   0.01036   0.01027   0.05011         2       640    0.4671    0.6477     0.642    0.5287   0.01759  0.005916   0.02366
    82/499     6.12G   0.02435  0.005043   0.01089   0.01051   0.05079         4       640    0.4649     0.653    0.6377      0.52   0.01712  0.005831   0.02338
    83/499     6.12G   0.02449  0.004837  0.009827   0.01021   0.04937         6       640    0.4659    0.6537    0.6466    0.5336    0.0168   0.00577    0.0235
    84/499     6.12G   0.02489   0.00483   0.01023  0.009643   0.04959         2       640    0.4526    0.6552    0.6454    0.5377   0.01666  0.005857   0.02319
    85/499     6.12G   0.02586  0.005256   0.01171   0.01172   0.05455         2       640    0.4478    0.6009    0.5956    0.4768   0.01887  0.006251   0.02742
    86/499     6.12G   0.02704  0.005455   0.01279   0.01235   0.05764         2       640    0.4338    0.6491    0.6411    0.5169   0.01868  0.006021     0.024
    87/499     6.12G   0.02516  0.005204   0.01079   0.01072   0.05188         4       640    0.4449    0.6483    0.6356    0.5157   0.01845  0.005982   0.02412
    88/499     6.12G   0.02612  0.005211   0.01129   0.01171   0.05432         9       640    0.4446    0.6404    0.6176    0.5089   0.01717  0.005883   0.02386
    89/499     6.12G   0.02631  0.005065    0.0111   0.01064   0.05311         6       640    0.4411    0.6207    0.6022    0.4965   0.01707   0.00589   0.02333
    90/499     6.12G   0.02501  0.005165   0.01038   0.01062   0.05118         2       640    0.4691    0.6239    0.6126    0.5012   0.01714  0.005839   0.02295
    91/499     6.12G   0.02447  0.004929  0.009566  0.009757   0.04872         2       640    0.4624    0.6514    0.6271    0.5156   0.01646  0.005773    0.0227
    92/499     6.12G    0.0245  0.004801  0.009678   0.01009   0.04907         2       640    0.4744    0.6534    0.6462    0.5411   0.01639  0.005748   0.02208
    93/499     6.12G   0.02428  0.004827  0.009275  0.009465   0.04785         4       640    0.4611    0.6532    0.6467    0.5383   0.01619  0.005704   0.02229
    94/499     6.12G   0.02446  0.004773  0.009292  0.009659   0.04819         2       640    0.4607    0.6532    0.6162    0.5052   0.01648  0.005727   0.02222
    95/499     6.12G   0.02432  0.004884  0.009255  0.009609   0.04807         6       640    0.4563    0.6454     0.635    0.5239   0.01635  0.005753    0.0221
    96/499     6.12G   0.02472  0.004756  0.008463  0.009633   0.04757         3       640    0.4885     0.654    0.6492    0.5332    0.0159  0.005745   0.02249
    97/499     6.12G   0.02435  0.004797  0.009074  0.009261   0.04748         6       640    0.5074    0.6545    0.6504    0.5268   0.01666  0.005693   0.02215
    98/499     6.12G   0.02448  0.004759   0.00953  0.009586   0.04836         2       640    0.5024    0.6545    0.6498    0.5447   0.01619  0.005621   0.02221
    99/499     6.12G   0.02463  0.004826  0.009543   0.01034   0.04933         2       640     0.465    0.6548    0.6481    0.5433   0.01619  0.005575   0.02218
   100/499     6.12G   0.02459  0.004645  0.009684  0.008859   0.04778         4       640    0.4797    0.6545    0.6494    0.5376   0.01611  0.005597   0.02198
   101/499     6.12G   0.02439  0.004692  0.008903   0.00966   0.04764         2       640    0.4897    0.6536    0.6499    0.5393   0.01582   0.00559    0.0219
   102/499     6.12G   0.02415  0.004711  0.008796  0.009295   0.04695         4       640    0.4837    0.6542    0.6478    0.5368   0.01548  0.005605   0.02173
   103/499     6.12G   0.02411   0.00467  0.009303  0.009558   0.04764         1       640    0.4932    0.6527    0.6457    0.5359   0.01558  0.005543   0.02177
   104/499     6.12G   0.02371  0.004701   0.00936   0.00986   0.04764         2       640     0.488    0.6524    0.6476    0.5407   0.01575  0.005498   0.02161
   105/499     6.12G   0.02389  0.004703  0.008389  0.009577   0.04656         2       640    0.4871    0.6537    0.6406    0.5346   0.01548  0.005497   0.02176
   106/499     6.12G   0.02378  0.004617  0.007891  0.008855   0.04514         3       640    0.4805    0.6537    0.6502    0.5459   0.01543  0.005492   0.02165
   107/499     6.12G   0.02347  0.004618  0.009022  0.009582    0.0467         4       640    0.4879    0.6519    0.6489    0.5465   0.01598  0.005474   0.02181
   108/499     6.12G   0.02422  0.004655  0.008109  0.009623    0.0466         5       640    0.4902    0.6542    0.6496     0.544   0.01581    0.0055   0.02143
   109/499     6.12G   0.02404   0.00451  0.008875  0.008638   0.04606         1       640    0.4959     0.655     0.649    0.5413   0.01611   0.00549   0.02137
   110/499     6.12G   0.02406  0.004588  0.008512  0.009222   0.04638        11       640    0.4987    0.6535    0.6491    0.5438   0.01556  0.005551   0.02111
   111/499     6.12G   0.02313  0.004573  0.008054  0.008876   0.04463        11       640    0.5148     0.655    0.6499    0.5415   0.01557  0.005518   0.02096
   112/499     6.12G   0.02343  0.004531  0.008003  0.008874   0.04483         6       640    0.4822     0.655    0.6495    0.5423   0.01542  0.005507    0.0212
   113/499     6.12G   0.02431  0.004503  0.008467  0.009437   0.04671         6       640    0.4831     0.655    0.6486    0.5444   0.01542  0.005515   0.02118
   114/499     6.12G   0.02391   0.00456  0.007604  0.009782   0.04586         2       640    0.4846    0.6545    0.6482     0.548   0.01601  0.005495   0.02129
   115/499     6.12G   0.02341  0.004592  0.008569  0.009535   0.04611         3       640    0.4762    0.6539    0.6483    0.5414   0.01549  0.005472   0.02133
   116/499     6.12G     0.024  0.004671  0.008516  0.009879   0.04707         2       640     0.475    0.6542    0.6494    0.5435   0.01505  0.005499   0.02128
   117/499     6.12G   0.02294  0.004507   0.00782   0.00921   0.04448         2       640    0.4773    0.6553    0.6501    0.5468   0.01549  0.005451   0.02137
   118/499     6.12G   0.02364  0.004616  0.008468   0.00925   0.04598         4       640     0.481    0.6548    0.6504    0.5454   0.01511  0.005464    0.0212
   119/499     6.12G   0.02318   0.00458  0.007923  0.009234   0.04491         2       640    0.4868    0.6548    0.6456    0.5421   0.01465  0.005447   0.02089
   120/499     6.12G   0.02354  0.004488  0.007561  0.008913    0.0445         2       640    0.4904    0.6544     0.645    0.5466   0.01484  0.005412   0.02088
   121/499     6.12G    0.0237  0.004504  0.008578  0.009414    0.0462         3       640    0.4897    0.6537    0.6495     0.548   0.01473    0.0054   0.02085
   122/499     6.12G   0.02326  0.004458  0.007818  0.009142   0.04467         4       640    0.4885    0.6541    0.6483    0.5461   0.01474  0.005391   0.02075
   123/499     6.12G   0.02403  0.004564  0.008519  0.009411   0.04653        10       640    0.4892    0.6537    0.6494    0.5474   0.01524  0.005397   0.02074
   124/499     6.12G   0.02336  0.004548  0.007675  0.008732   0.04431         3       640    0.4894    0.6537    0.6489    0.5489   0.01484  0.005405   0.02065
   125/499     6.12G   0.02321  0.004551  0.007678  0.008634   0.04407         6       640    0.4879    0.6537     0.649    0.5495   0.01498  0.005366   0.02057
   126/499     6.12G   0.02413  0.004428  0.008185  0.008628   0.04537         5       640    0.4892    0.6539    0.6486    0.5518    0.0145  0.005342   0.02057
   127/499     6.12G   0.02279  0.004466  0.008391  0.008901   0.04455         6       640    0.4923    0.6539    0.6483    0.5533   0.01465  0.005316   0.02064
   128/499     6.12G   0.02319  0.004518  0.007722  0.008385   0.04381         5       640    0.4919    0.6539    0.6488    0.5553   0.01496  0.005338   0.02059
   129/499     6.12G   0.02266  0.004423   0.00725  0.008442   0.04277         7       640    0.4888    0.6541    0.6493    0.5565   0.01472   0.00535   0.02059
   130/499     6.12G   0.02277  0.004337  0.007369  0.008578   0.04306         2       640    0.4862    0.6541    0.6494    0.5552   0.01474  0.005333   0.02061
   131/499     6.12G   0.02306  0.004455  0.008075  0.009168   0.04476         2       640    0.4821    0.6541    0.6495    0.5568   0.01436   0.00532   0.02065
   132/499     6.12G   0.02215  0.004438  0.007369  0.008991   0.04295         2       640    0.4754    0.6541    0.6496    0.5549   0.01431  0.005321   0.02056
   133/499     6.12G   0.02313  0.004412  0.007297  0.008561    0.0434         6       640    0.4724    0.6544    0.6499    0.5567   0.01444  0.005302   0.02049
   134/499     6.12G   0.02297  0.004498  0.007913  0.009418    0.0448         6       640    0.4787    0.6544    0.6502    0.5559   0.01467  0.005286   0.02044
   135/499     6.12G   0.02271  0.004552  0.007548   0.00893   0.04374         7       640     0.477    0.6544    0.6503    0.5552   0.01454  0.005286   0.02036
   136/499     6.12G   0.02392  0.004571  0.008393  0.009602   0.04649         7       640    0.4749    0.6544      0.65    0.5542   0.01465  0.005286   0.02034
   137/499     6.12G   0.02298  0.004475  0.008095  0.008459   0.04401         2       640    0.4761    0.6544    0.6499     0.556   0.01479  0.005258   0.02039
   138/499     6.12G   0.02344  0.004513  0.007652  0.008527   0.04413         3       640    0.4793    0.6544    0.6496    0.5543   0.01487  0.005234   0.02038
   139/499     6.12G   0.02268   0.00436  0.006893  0.008747   0.04267         4       640    0.4828    0.6538    0.6492    0.5556   0.01484  0.005234   0.02038
   140/499     6.12G   0.02223   0.00433  0.007376  0.008117   0.04205         9       640    0.4823    0.6538    0.6494    0.5534   0.01476  0.005222    0.0204
   141/499     6.12G   0.02145  0.004264  0.007227  0.008423   0.04137         3       640    0.4824    0.6538    0.6497     0.555   0.01459  0.005217   0.02041
   142/499     6.12G   0.02318  0.004425  0.007777  0.008982   0.04436         2       640    0.4817    0.6538    0.6494    0.5554   0.01435  0.005213   0.02044
   143/499     6.12G   0.02336  0.004403  0.007684  0.009061   0.04451         3       640    0.4799    0.6538    0.6468    0.5524   0.01412  0.005225    0.0204
   144/499     6.12G   0.02207  0.004313  0.007733  0.008521   0.04264         2       640    0.4811    0.6548    0.6472    0.5525   0.01411   0.00522   0.02048
   145/499     6.12G   0.02258  0.004302  0.007425  0.008279   0.04259         1       640    0.4822    0.6548    0.6522    0.5559   0.01446  0.005223   0.02046
   146/499     6.12G   0.02251  0.004306  0.007585  0.008605   0.04301         2       640    0.4861    0.6548    0.6533    0.5566   0.01454  0.005223   0.02041
   147/499     6.12G   0.02205  0.004254  0.007023  0.008451   0.04177         8       640    0.4882    0.6548    0.6547    0.5573   0.01445  0.005222   0.02044
   148/499     6.12G   0.02188  0.004311  0.006953  0.008725   0.04187         7       640    0.4821    0.6548    0.6558      0.56   0.01442  0.005221   0.02042
   149/499     6.12G   0.02199  0.004264  0.006367  0.007601   0.04022         5       640    0.4833    0.6544    0.6526    0.5568   0.01428   0.00521    0.0204
   150/499     6.12G   0.02155  0.004204  0.006801  0.007995   0.04055         5       640    0.4875    0.6544    0.6503    0.5561   0.01416  0.005188    0.0203
   151/499     6.12G   0.02179  0.004231  0.006681  0.008133   0.04084         2       640    0.4894    0.6544    0.6511    0.5566   0.01405  0.005168    0.0202
   152/499     6.12G   0.02233  0.004314  0.007418  0.009006   0.04306         3       640    0.4821    0.6544     0.656    0.5619   0.01405  0.005163   0.02014
   153/499     6.12G   0.02191  0.004229  0.006805  0.007708   0.04066         2       640    0.4747    0.6544    0.6581    0.5637   0.01403  0.005147   0.02007
   154/499     6.12G   0.02212  0.004237  0.006863  0.007968   0.04119         4       640    0.4697     0.654    0.6653    0.5696     0.014  0.005149   0.01999
   155/499     6.12G   0.02305  0.004121  0.007138  0.007781   0.04209         4       640    0.4699     0.654    0.6594    0.5632   0.01413  0.005144   0.01993
   156/499     6.12G   0.02193  0.004267  0.006796  0.007826   0.04081         2       640    0.4741    0.6538    0.6614    0.5669   0.01416  0.005135   0.01993
   157/499     6.12G   0.02261  0.004271   0.00748  0.008568   0.04293         3       640    0.4748    0.6538    0.6613    0.5669   0.01415  0.005141   0.01991
   158/499     6.12G   0.02163  0.004258  0.007231  0.008001   0.04112         2       640    0.4733    0.6544    0.6679    0.5725   0.01414  0.005144   0.01984
   159/499     6.12G   0.02163  0.004198  0.006616   0.00778   0.04022         4       640     0.541    0.6877     0.684    0.5846   0.01408  0.005143   0.01979
   160/499     6.12G   0.02132  0.004241   0.00658  0.007856      0.04         4       640    0.5431    0.6887    0.6837    0.5859   0.01403  0.005145   0.01974
   161/499     6.12G   0.02188  0.004201  0.006853  0.008375   0.04131         2       640    0.5487    0.6887    0.6838    0.5864   0.01402  0.005139   0.01971
   162/499     6.12G   0.02157  0.004283  0.006557  0.008135   0.04054         2       640    0.5495    0.6889    0.6837    0.5879   0.01395  0.005142    0.0197
   163/499     6.12G   0.02188  0.004195  0.007194  0.008222   0.04149         2       640    0.4916    0.6557    0.6671    0.5728   0.01392   0.00513   0.01966
   164/499     6.12G   0.02149  0.004159  0.006985  0.007818   0.04046         3       640    0.4935    0.6554    0.6673    0.5734   0.01386  0.005116   0.01961
   165/499     6.12G    0.0218  0.004209   0.00703  0.008053   0.04109         1       640    0.4935    0.6559    0.6675    0.5749   0.01381  0.005104   0.01957
   166/499     6.12G   0.02147  0.004146  0.007079  0.008217   0.04091         3       640    0.4928    0.6559    0.6595    0.5685   0.01383  0.005099   0.01955
   167/499     6.12G   0.02157  0.004157  0.006947  0.008074   0.04075         2       640     0.491    0.6565    0.6595    0.5678   0.01388  0.005089    0.0195
   168/499     6.12G   0.02151  0.004109  0.006936  0.007778   0.04033         2       640    0.4925    0.6562    0.6594    0.5687    0.0139  0.005084   0.01949
   169/499     6.12G   0.02179   0.00425  0.007069  0.007549   0.04066         2       640    0.4914    0.6559    0.6594    0.5677   0.01381  0.005085   0.01949
   170/499     6.12G   0.02124  0.004164  0.006219  0.007388   0.03901         6       640     0.493    0.6559    0.6623     0.569   0.01385  0.005083   0.01944
   171/499     6.12G   0.02078  0.004034   0.00608   0.00797   0.03886         4       640    0.5613    0.6893     0.684    0.5873   0.01381  0.005083   0.01941
   172/499     6.12G   0.02112   0.00404  0.006167  0.007409   0.03874         1       640    0.5628    0.6893    0.6838    0.5873   0.01376  0.005083   0.01937
   173/499     6.12G   0.02218  0.004302  0.007015  0.008877   0.04237         4       640    0.5616    0.6883    0.6832    0.5906   0.01375  0.005075   0.01936
   174/499     6.12G   0.02129  0.004318   0.00691  0.008279   0.04079         2       640    0.5587    0.6883    0.6836     0.591   0.01374  0.005073   0.01935
   175/499     6.12G   0.02186   0.00418  0.007288  0.008484   0.04181         2       640    0.5593    0.6883    0.6835    0.5923   0.01374  0.005072   0.01929
   176/499     6.12G   0.02113  0.004157  0.006896  0.008058   0.04024         2       640    0.5594    0.6893    0.6835    0.5926   0.01373  0.005067   0.01925
   177/499     6.12G   0.02191  0.004182  0.006816  0.008404   0.04131         2       640    0.5599    0.6893    0.6835    0.5922   0.01375  0.005064   0.01921
   178/499     6.12G   0.02148  0.004147  0.006867  0.007846   0.04034         2       640    0.5616    0.6893    0.6832    0.5918   0.01375   0.00506   0.01919
   179/499     6.12G   0.02105  0.004064  0.006617  0.007837   0.03957         5       640    0.5632    0.6893    0.6832    0.5918   0.01374  0.005057   0.01918
   180/499     6.12G   0.02174  0.004109  0.007043  0.007963   0.04086         6       640    0.5621    0.6877    0.6826    0.5915   0.01374  0.005056   0.01917
   181/499     6.12G   0.02089  0.004029  0.006456  0.007099   0.03847         2       640    0.5609    0.6877    0.6823    0.5915   0.01372  0.005053   0.01915
   182/499     6.12G    0.0215  0.004132  0.006582  0.007691    0.0399         4       640    0.5616    0.6877    0.6824    0.5912   0.01368  0.005046   0.01914
   183/499     6.12G   0.02051  0.004012  0.006555   0.00731   0.03839         5       640    0.5622    0.6877    0.6824    0.5914    0.0137  0.005033   0.01913
   184/499     6.12G   0.02027  0.003985  0.005748  0.007542   0.03754         3       640    0.5622    0.6877    0.6824    0.5913   0.01364  0.005028   0.01913
   185/499     6.12G    0.0213  0.004123  0.006457  0.007898   0.03978         6       640    0.5624    0.6877    0.6825    0.5925   0.01365   0.00502   0.01914
   186/499     6.12G   0.02142  0.004173  0.006238  0.008228   0.04006         3       640     0.561    0.6877    0.6828    0.5924   0.01366  0.005018   0.01913
   187/499     6.12G   0.02176  0.004139  0.006288  0.008543   0.04073         6       640    0.5601    0.6877     0.683    0.5924   0.01363  0.005015   0.01915
   188/499     6.12G   0.02151  0.004081  0.006639  0.007955   0.04019         2       640    0.5603    0.6877    0.6829    0.5921   0.01363  0.005008   0.01916
   189/499     6.12G   0.02063   0.00409  0.006191  0.007181    0.0381         4       640    0.5603    0.6877     0.683    0.5927   0.01363  0.005006   0.01916
   190/499     6.12G   0.02061  0.003992  0.005804  0.007223   0.03763         3       640    0.5602    0.6877    0.6829    0.5929   0.01364  0.005003   0.01915
   191/499     6.12G   0.02119  0.003981  0.006173  0.007863   0.03921         2       640    0.5601    0.6877     0.683    0.5932   0.01361  0.004998   0.01915
   192/499     6.12G   0.02169  0.004076  0.006663  0.008103   0.04053         4       640    0.5601    0.6877     0.683    0.5933   0.01362  0.004994   0.01916
   193/499     6.12G   0.02049  0.004067  0.005938  0.007575   0.03807         2       640    0.5605    0.6877    0.6832    0.5931   0.01362  0.004992   0.01916
   194/499     6.12G   0.02051  0.003976  0.005953  0.007573   0.03801         2       640    0.5615    0.6877    0.6832    0.5937   0.01364  0.004987   0.01917
   195/499     6.12G   0.02139  0.004039  0.006471  0.007507   0.03941         6       640    0.5618    0.6877    0.6832    0.5936   0.01363  0.004982   0.01918
   196/499     6.12G   0.02041  0.004064  0.006112  0.006937   0.03752         2       640    0.5629    0.6877    0.6832    0.5939   0.01361  0.004979   0.01918
   197/499     6.12G   0.02118  0.004023    0.0065  0.007087   0.03879         5       640    0.5629    0.6877    0.6833     0.594   0.01359  0.004972   0.01918
   198/499     6.12G   0.02109  0.003976  0.006444  0.007434   0.03894         2       640    0.5637    0.6877    0.6833    0.5934   0.01358  0.004971   0.01918
   199/499     6.12G   0.02033  0.003958    0.0058    0.0074   0.03749         2       640    0.5656    0.6877    0.6833    0.5931   0.01356  0.004969   0.01917
   200/499     6.12G   0.02038  0.004018  0.005806  0.007616   0.03782         9       640     0.567    0.6877    0.6833    0.5935   0.01355  0.004968   0.01915
   201/499     6.12G   0.02008  0.003953  0.005659  0.007041   0.03673         2       640    0.5674    0.6877    0.6833    0.5937   0.01351  0.004964   0.01914
   202/499     6.12G   0.02022  0.004017  0.005924  0.007285   0.03744         8       640    0.5674    0.6877    0.6834    0.5934   0.01351  0.004963   0.01913
   203/499     6.12G   0.02025  0.004126  0.006281  0.007133   0.03779         4       640    0.5684    0.6877    0.6836    0.5934   0.01351  0.004959   0.01912
   204/499     6.12G   0.01997  0.004028  0.005796  0.007148   0.03694         4       640    0.5695    0.6877    0.6837    0.5935    0.0135  0.004957   0.01911
   205/499     6.12G   0.02034   0.00399  0.005847  0.007373   0.03755         2       640    0.5684    0.6877    0.6838    0.5938   0.01349  0.004955    0.0191
   206/499     6.12G   0.02051  0.003981  0.005789   0.00748   0.03776         6       640    0.5677    0.6877    0.6838    0.5938   0.01348  0.004953   0.01909
   207/499     6.12G   0.01973     0.004  0.005557  0.007377   0.03667         8       640    0.5683    0.6877    0.6837    0.5937   0.01347  0.004952   0.01908
   208/499     6.12G   0.02045  0.003914  0.005309  0.006808   0.03648         5       640    0.5682    0.6883    0.6837    0.5938   0.01346   0.00495   0.01907
   209/499     6.12G   0.02014  0.003895  0.005578  0.006732   0.03634         2       640    0.5678    0.6883     0.684    0.5937   0.01347  0.004949   0.01906
   210/499     6.12G   0.01991  0.003907  0.005797  0.007071   0.03668         2       640    0.5667    0.6883    0.6843    0.5938   0.01348  0.004949   0.01905
   211/499     6.12G   0.02052  0.003922  0.005932  0.007427    0.0378         2       640    0.5661    0.6883    0.6843    0.5939   0.01348   0.00495   0.01903
   212/499     6.12G   0.01991  0.003982  0.005924  0.007178   0.03699         4       640    0.5661    0.6883    0.6845    0.5943   0.01347  0.004949   0.01901
   213/499     6.12G    0.0204  0.003977  0.006215  0.007553   0.03815         4       640     0.565    0.6883    0.6846    0.5941   0.01347  0.004947     0.019
   214/499     6.12G   0.01994  0.003897  0.005761  0.007372   0.03697         4       640    0.5648    0.6883    0.6849    0.5946   0.01347  0.004946   0.01899
   215/499     6.12G   0.02019  0.003972  0.005813  0.007752   0.03773         3       640    0.5633    0.6883    0.6849    0.5949   0.01347  0.004945   0.01898
   216/499     6.12G   0.02022  0.004049   0.00629  0.008046   0.03861         2       640    0.5621    0.6883     0.685    0.5942   0.01348  0.004943   0.01898
   217/499     6.12G   0.01965   0.00409  0.006036  0.007633   0.03741         6       640    0.5601    0.6883    0.6854     0.595   0.01348  0.004943   0.01897
   218/499     6.12G   0.01966   0.00386  0.005495  0.007146   0.03616         3       640    0.5591    0.6883    0.6854    0.5949   0.01349  0.004939   0.01896
   219/499     6.12G   0.01986  0.003895  0.005333  0.007015    0.0361         2       640    0.5586    0.6883    0.6856    0.5954   0.01349  0.004939   0.01894
   220/499     6.12G   0.01961  0.003995  0.006776  0.007129    0.0375         2       640    0.5585    0.6883     0.686    0.5954   0.01348  0.004939   0.01892
   221/499     6.12G   0.01993  0.004069  0.006137  0.007389   0.03753         3       640    0.5584    0.6883    0.6859    0.5954   0.01349   0.00494   0.01891
   222/499     6.12G   0.01988  0.004092  0.006586  0.007434   0.03799         7       640    0.5579    0.6883    0.6865    0.5957    0.0135  0.004942    0.0189
   223/499     6.12G   0.01941   0.00403   0.00557  0.007171   0.03619         3       640    0.5577    0.6883    0.6871    0.5957    0.0135  0.004942   0.01889
   224/499     6.12G   0.01993  0.003962  0.006107  0.007209   0.03721         2       640    0.5574    0.6883    0.6876    0.5965   0.01351  0.004942   0.01887
   225/499     6.12G   0.01927  0.003869  0.005743  0.007423   0.03631         2       640    0.5576    0.6883    0.6897     0.598    0.0135  0.004941   0.01886
   226/499     6.12G   0.01976  0.003833  0.005622  0.006726   0.03594         2       640    0.5576    0.6883    0.6951    0.6015    0.0135   0.00494   0.01885
   227/499     6.12G   0.01982  0.003828  0.005954  0.007218   0.03682         6       640    0.5577    0.6883    0.6952    0.6012    0.0135  0.004941   0.01883
   228/499     6.12G   0.01982  0.003899  0.006209   0.00713   0.03706         2       640    0.5579    0.6883    0.6951    0.6012   0.01351  0.004942   0.01882
   229/499     6.12G    0.0197  0.003925  0.005721  0.006918   0.03627         2       640    0.5578    0.6883    0.6953    0.6013   0.01351  0.004941   0.01881
   230/499     6.12G   0.01992  0.003929  0.005632  0.007289   0.03677         2       640    0.5571    0.6883    0.6953    0.6012    0.0135  0.004942   0.01879
   231/499     6.12G   0.01972  0.003922  0.005127  0.007195   0.03596         3       640     0.557    0.6883    0.6951     0.601   0.01349  0.004942   0.01878
   232/499     6.12G   0.01976  0.003954  0.005578   0.00703   0.03633         6       640    0.5572    0.6883    0.7006    0.6044   0.01348  0.004941   0.01876
   233/499     6.12G   0.01936  0.003972  0.005651  0.007306   0.03629         2       640    0.5572    0.6883    0.7007    0.6049    0.0135  0.004939   0.01875
   234/499     6.12G   0.01931  0.003902   0.00547  0.007528   0.03621         2       640    0.5571    0.6883    0.7008    0.6051    0.0135  0.004939   0.01874
   235/499     6.12G   0.01941  0.003875   0.00542  0.007411   0.03612         4       640    0.5567    0.6883    0.7009    0.6049   0.01351  0.004938   0.01873
   236/499     6.12G   0.01944  0.003871  0.005293  0.006718   0.03532         7       640    0.6231    0.7216    0.7175    0.6148   0.01351  0.004936   0.01871
   237/499     6.12G   0.01974  0.003802  0.005238  0.007093   0.03587         2       640    0.6233    0.7216    0.7176    0.6148    0.0135  0.004934   0.01871
   238/499     6.12G   0.01897  0.003909  0.005621  0.006967   0.03546         2       640    0.6234    0.7216    0.7176    0.6149    0.0135  0.004931    0.0187
   239/499     6.12G   0.01928  0.003902  0.005851  0.006619   0.03565         1       640     0.624    0.7216    0.7178     0.615    0.0135  0.004928   0.01869
   240/499     6.12G   0.01988  0.003803  0.005555  0.007231   0.03647         3       640     0.624    0.7216    0.7184    0.6155   0.01349  0.004925   0.01869
   241/499     6.12G   0.01926  0.003789  0.005612  0.007066   0.03573         3       640    0.6242    0.7216     0.719    0.6159   0.01349  0.004923   0.01869
   242/499     6.12G   0.01915  0.003842  0.005264  0.006891   0.03515         3       640    0.6244    0.7216    0.7196    0.6165   0.01349  0.004921   0.01868
   243/499     6.12G   0.01926   0.00383  0.005123  0.007126   0.03534         1       640    0.6247    0.7216    0.7198    0.6168   0.01349  0.004919   0.01867
   244/499     6.12G   0.01971  0.003852  0.006034  0.007304   0.03691         2       640    0.6251    0.7216    0.7209    0.6177   0.01349  0.004917   0.01866
   245/499     6.12G   0.01926  0.003825  0.005573  0.006896   0.03555         2       640     0.625    0.7216     0.724    0.6198   0.01349  0.004916   0.01865
   246/499     6.12G   0.01837  0.003804  0.005228  0.006333   0.03373         2       640    0.6249    0.7216    0.7332    0.6255   0.01349  0.004914   0.01864
   247/499     6.12G   0.02034  0.004231  0.006499  0.008737   0.03981         2       640     0.624    0.7216    0.7333    0.6249   0.01347  0.004913   0.01863
   248/499     6.12G    0.0207  0.004199  0.006859  0.008883   0.04064         3       640    0.6228    0.7216     0.739    0.6285   0.01347  0.004915   0.01864
   249/499     6.12G   0.01984  0.004086  0.005978  0.007397    0.0373         2       640    0.6223    0.7216     0.739    0.6281   0.01347  0.004917   0.01865
   250/499     6.12G   0.01941  0.003942  0.005515  0.007419   0.03628         3       640    0.6217    0.7216    0.7498    0.6362   0.01348  0.004918   0.01866
   251/499     6.12G   0.01907  0.003857   0.00485  0.007031   0.03481         6       640     0.621    0.7216    0.7499    0.6345   0.01348  0.004919   0.01866
   252/499     6.12G   0.01877  0.003879  0.004907  0.006916   0.03447         3       640    0.6209    0.7216    0.7499    0.6346   0.01349  0.004919   0.01866
   253/499     6.12G   0.01954  0.003861  0.005536  0.006713   0.03565         2       640     0.621    0.7216    0.7499    0.6348   0.01349   0.00492   0.01867
   254/499     6.12G   0.01916  0.003927   0.00555  0.007735   0.03637         2       640    0.6212    0.7216    0.7499    0.6352    0.0135   0.00492   0.01867
   255/499     6.12G   0.01938  0.003758  0.005048  0.007266   0.03546         2       640    0.6213    0.7216    0.7499    0.6349   0.01351  0.004918   0.01867
   256/499     6.12G   0.01889  0.003763  0.005256   0.00686   0.03477         2       640    0.6214    0.7216    0.7499    0.6347   0.01352  0.004918   0.01866
   257/499     6.12G   0.01954  0.003893  0.005869  0.007302   0.03661        13       640    0.6203    0.7216    0.7499    0.6346   0.01352  0.004917   0.01866
   258/499     6.12G   0.01902  0.003809  0.005617  0.007143   0.03559         3       640    0.6196    0.7216    0.7499    0.6348   0.01351  0.004916   0.01865
   259/499     6.12G   0.01879  0.003849  0.005284  0.007123   0.03504         6       640    0.6182    0.7216    0.7497    0.6346   0.01352  0.004917   0.01865
   260/499     6.12G   0.01948  0.003917  0.005681  0.006921     0.036        11       640    0.6174    0.7216    0.7498     0.635   0.01352  0.004918   0.01864
   261/499     6.12G   0.01921  0.003842  0.005087  0.007213   0.03535         7       640    0.6184    0.7216    0.7496    0.6345   0.01353  0.004918   0.01864
   262/499     6.12G   0.01924  0.003786  0.005081  0.006705   0.03481         2       640    0.6186    0.7216    0.7495    0.6343   0.01353  0.004918   0.01863
   263/499     6.12G   0.01883    0.0037  0.004733  0.006694   0.03396         2       640    0.6187    0.7216    0.7494    0.6345   0.01352  0.004918   0.01862
   264/499     6.12G   0.01857  0.003808  0.005527  0.006769   0.03468         6       640     0.618    0.7211    0.7494    0.6345   0.01352  0.004915   0.01861
   265/499     6.12G   0.01816   0.00372  0.004783  0.006829   0.03349         3       640    0.6183    0.7211    0.7494    0.6343   0.01353  0.004913    0.0186
   266/499     6.12G   0.01868  0.003806  0.005047  0.006688   0.03422         5       640    0.6192    0.7211    0.7493    0.6342   0.01353  0.004911   0.01859
   267/499     6.12G   0.01861  0.003816  0.005158  0.006951   0.03453         2       640    0.6191    0.7211    0.7493    0.6341   0.01354  0.004908   0.01859
   268/499     6.12G   0.01898   0.00381  0.005307  0.007126   0.03523         2       640    0.6187    0.7211    0.7494     0.634   0.01354  0.004906   0.01858
   269/499     6.12G   0.01883  0.003791  0.005372   0.00647   0.03446         6       640    0.6186    0.7211    0.7493    0.6344   0.01355  0.004904   0.01857
   270/499     6.12G   0.01858  0.003759  0.005115  0.006537   0.03399         6       640    0.6194    0.7211    0.7493    0.6343   0.01354  0.004902   0.01857
   271/499     6.12G   0.01872  0.003762  0.005046   0.00653   0.03406         2       640    0.6214    0.7211    0.7493    0.6342   0.01355    0.0049   0.01856
   272/499     6.12G   0.01885  0.003706  0.005034  0.006623   0.03421         2       640    0.6223    0.7211    0.7493    0.6338   0.01355  0.004898   0.01855
   273/499     6.12G   0.01799  0.003588  0.004405  0.005929   0.03192         3       640    0.6225    0.7211    0.7494     0.634   0.01356  0.004897   0.01855
   274/499     6.12G   0.01829  0.003659  0.004828  0.006821    0.0336         5       640    0.6228    0.7211    0.7494    0.6342   0.01357  0.004895   0.01854
   275/499     6.12G    0.0183  0.003595    0.0048  0.006665   0.03336         5       640    0.6226    0.7211    0.7493    0.6341   0.01356  0.004892   0.01853
   276/499     6.12G   0.01933  0.003812  0.005357  0.007631   0.03613         7       640    0.6216    0.7211    0.7494    0.6344   0.01356  0.004889   0.01852
   277/499     6.12G   0.01866  0.003748  0.004921   0.00693   0.03426         6       640    0.6212    0.7211    0.7493    0.6342   0.01357  0.004886   0.01851
   278/499     6.12G   0.01949  0.003954  0.006433  0.006924    0.0368         2       640    0.6206    0.7211    0.7494    0.6345   0.01356  0.004886   0.01849
   279/499     6.12G   0.01836  0.003806  0.005309  0.006543   0.03402         2       640    0.6201    0.7211    0.7494    0.6341   0.01355  0.004885   0.01847
   280/499     6.12G   0.01794  0.003803  0.005052  0.006812    0.0336         5       640    0.6197    0.7211    0.7495     0.634   0.01355  0.004883   0.01846
   281/499     6.12G   0.01866  0.003781  0.004888   0.00689   0.03422         9       640      0.62    0.7211    0.7496    0.6343   0.01355  0.004882   0.01845
   282/499     6.12G   0.01791  0.003708  0.004656  0.006383   0.03266         5       640      0.62    0.7211    0.7494    0.6343   0.01354   0.00488   0.01844
   283/499     6.12G   0.01807  0.003641  0.004935  0.006425   0.03307         3       640    0.6197    0.7211    0.7494    0.6341   0.01354  0.004878   0.01843
   284/499     6.12G   0.01739  0.003718  0.004967  0.006171   0.03224         5       640    0.6197    0.7211    0.7493    0.6345   0.01354  0.004878   0.01842
   285/499     6.12G   0.01825  0.003732   0.00467  0.006311   0.03296         8       640    0.6199    0.7211    0.7493    0.6343   0.01353  0.004876    0.0184
   286/499     6.12G   0.01795  0.003688  0.004848   0.00619   0.03267         2       640      0.62    0.7211    0.7493    0.6344   0.01353  0.004875   0.01839
   287/499     6.12G   0.01798  0.003625  0.004588  0.006299   0.03249         2       640    0.6203    0.7211    0.7493    0.6347   0.01353  0.004873   0.01837
   288/499     6.12G   0.01764  0.003573  0.004404  0.006133   0.03175         2       640    0.6209    0.7211    0.7493    0.6347   0.01352   0.00487   0.01836
   289/499     6.12G   0.01777  0.003606  0.004772    0.0061   0.03224         2       640    0.6215    0.7211    0.7493    0.6348   0.01353  0.004868   0.01835
   290/499     6.12G   0.01783   0.00358  0.003997  0.005939   0.03134         5       640     0.622     0.722    0.7499    0.6348   0.01351  0.004866   0.01834
   291/499     6.12G   0.01791  0.003546  0.004644  0.006106    0.0322         4       640    0.6224     0.722    0.7499    0.6351   0.01351  0.004862   0.01832
   292/499     6.12G    0.0172  0.003622  0.004484   0.00646   0.03177         2       640    0.6246     0.722    0.7499    0.6355   0.01351  0.004859   0.01831
   293/499     6.12G   0.01726  0.003618  0.004502  0.006052   0.03144         2       640    0.6257     0.722      0.75    0.6353    0.0135  0.004856    0.0183
   294/499     6.12G   0.01748  0.003633  0.004964  0.006043   0.03213         2       640    0.6275     0.722      0.75    0.6349    0.0135  0.004853   0.01828
   295/499     6.12G   0.01805  0.003576  0.004485  0.006113   0.03222         2       640    0.6279     0.722    0.7499      0.63   0.01349  0.004852   0.01827
   296/499     6.12G   0.01799   0.00358  0.005014   0.00616   0.03275         6       640    0.6285     0.722    0.7499    0.6302   0.01348  0.004849   0.01826
   297/499     6.12G   0.01832  0.003625  0.005398  0.006296   0.03364         1       640    0.6289     0.722    0.7499    0.6299   0.01348  0.004848   0.01824
   298/499     6.12G   0.01796  0.003652  0.004191  0.006344   0.03215         5       640    0.6298     0.722    0.7499    0.6298   0.01347  0.004845   0.01822
   299/499     6.12G   0.01734    0.0036  0.004995  0.006214   0.03215         3       640    0.6303     0.722      0.75    0.6296   0.01347  0.004843   0.01821
   300/499     6.12G   0.01806  0.003543  0.004992  0.006278   0.03287         2       640    0.6301     0.722    0.7499    0.6296   0.01347  0.004841   0.01819
   301/499     6.12G   0.01758  0.003548   0.00441  0.006158    0.0317         6       640    0.6312     0.722      0.75    0.6297   0.01346  0.004839   0.01818
   302/499     6.12G   0.01729  0.003578  0.004601  0.005839   0.03131         3       640    0.6315     0.722      0.75    0.6298   0.01346  0.004836   0.01817
   303/499     6.12G   0.01788  0.003695  0.004682  0.006019   0.03227         6       640     0.631     0.722    0.7501    0.6301   0.01347  0.004835   0.01815
   304/499     6.12G   0.01737  0.003619  0.004489  0.006048   0.03153         8       640    0.6304     0.722      0.75    0.6297   0.01347  0.004832   0.01813
   305/499     6.12G   0.01728  0.003532  0.004327  0.005928   0.03106         3       640    0.6299     0.722    0.7502    0.6299   0.01346  0.004829   0.01812
   306/499     6.12G   0.01722  0.003548  0.004577  0.006135   0.03148         2       640    0.6307     0.722    0.7501    0.6297   0.01345  0.004826    0.0181
   307/499     6.12G   0.01799  0.003707   0.00439  0.007165   0.03326         2       640    0.6305     0.722    0.7502    0.6298   0.01344  0.004824   0.01809
   308/499     6.12G   0.01726  0.003629  0.004768  0.006634   0.03229         2       640    0.6301     0.722    0.7503    0.6299   0.01344  0.004822   0.01808
   309/499     6.12G   0.01777  0.003648  0.004944  0.007008   0.03337         5       640      0.63     0.722    0.7502    0.6299   0.01344   0.00482   0.01807
   310/499     6.12G   0.01794  0.003553  0.004768  0.006457   0.03272         2       640      0.63     0.722    0.7502    0.6301   0.01344  0.004818   0.01806
   311/499     6.12G   0.01694  0.003506   0.00471  0.006158   0.03131         2       640    0.6299     0.722    0.7503      0.63   0.01344  0.004815   0.01804
   312/499     6.12G   0.01775  0.003578  0.004399  0.006393   0.03212         7       640    0.6295     0.722    0.7503    0.6297   0.01344  0.004814   0.01803
   313/499     6.12G    0.0173  0.003547  0.004655  0.006078   0.03158         4       640    0.6295     0.722    0.7502      0.63   0.01344  0.004812   0.01801
   314/499     6.12G   0.01698  0.003509  0.004394  0.005808   0.03069        10       640    0.6297     0.722    0.7502    0.6299   0.01344   0.00481     0.018
   315/499     6.12G   0.01654  0.003456  0.004193  0.005848   0.03004         2       640    0.6298     0.722    0.7504    0.6302   0.01344  0.004808   0.01798
   316/499     6.12G   0.01711  0.003498  0.004404  0.005879   0.03089         2       640    0.6302     0.722    0.7503    0.6305   0.01344  0.004805   0.01796
   317/499     6.12G    0.0171  0.003484  0.004709  0.006029   0.03133         3       640    0.6302     0.722    0.7503    0.6305   0.01344  0.004803   0.01794
   318/499     6.12G   0.01687  0.003538  0.004451  0.006164   0.03102         3       640    0.6306    0.7225    0.7503    0.6306   0.01344  0.004801   0.01792
   319/499     6.12G   0.01681  0.003489  0.004561  0.005821   0.03068         5       640    0.6306    0.7226    0.7503    0.6307   0.01345  0.004798   0.01791
   320/499     6.12G   0.01716  0.003519  0.004765  0.005851    0.0313         7       640    0.6296    0.7226    0.7503    0.6304   0.01344  0.004796   0.01789
   321/499     6.12G   0.01717  0.003404  0.004175  0.005951    0.0307         4       640    0.6286    0.7226    0.7503    0.6305   0.01344  0.004794   0.01787
   322/499     6.12G   0.01724  0.003528  0.004593  0.006063   0.03143         2       640    0.6288    0.7226    0.7503    0.6304   0.01344  0.004792   0.01785
   323/499     6.12G   0.01748  0.003524  0.004356  0.006044   0.03141         3       640    0.6288    0.7226    0.7503     0.627   0.01344  0.004791   0.01783
   324/499     6.12G   0.01663   0.00348  0.004618  0.006261   0.03099         1       640    0.6289    0.7226    0.7503    0.6273   0.01343  0.004789   0.01781
   325/499     6.12G   0.01675  0.003442  0.004387  0.006023    0.0306         2       640    0.6292    0.7226    0.7503    0.6309   0.01343  0.004787   0.01779
   326/499     6.12G   0.01709  0.003537  0.004372  0.006067   0.03106         2       640      0.63    0.7226    0.7503     0.627   0.01343  0.004784   0.01777
   327/499     6.12G   0.01665  0.003463  0.004391  0.006047   0.03055         2       640    0.6319    0.7226    0.7503    0.6274   0.01344  0.004782   0.01774
   328/499     6.12G   0.01654  0.003436  0.004109  0.005779   0.02986         4       640    0.6321    0.7226    0.7503    0.6271   0.01344  0.004779   0.01772
   329/499     6.12G   0.01668  0.003492  0.004043   0.00591   0.03012         4       640    0.6323    0.7226    0.7503    0.6273   0.01344  0.004776    0.0177
   330/499     6.12G   0.01657   0.00342  0.004212  0.005713   0.02992         3       640    0.6323    0.7226    0.7503    0.6271   0.01344  0.004773   0.01769
   331/499     6.12G   0.01674  0.003383  0.004158  0.005809   0.03009         2       640    0.6325    0.7226    0.7503    0.6273   0.01344  0.004771   0.01767
   332/499     6.12G   0.01704  0.003487  0.004244  0.005933    0.0307         3       640    0.6328    0.7226    0.7504    0.6273   0.01343  0.004769   0.01765
   333/499     6.12G   0.01646  0.003387  0.004298  0.005691   0.02983         2       640    0.6333    0.7226    0.7504    0.6276   0.01343  0.004766   0.01763
   334/499     6.12G   0.01715  0.003449   0.00429  0.005929   0.03082         3       640    0.6337    0.7226    0.7504     0.628   0.01343  0.004764   0.01761
   335/499     6.12G   0.01633   0.00343  0.004273  0.005575   0.02961         2       640    0.6344    0.7226    0.7504    0.6279   0.01343  0.004761   0.01758
   336/499     6.12G   0.01693  0.003548  0.003979  0.006231   0.03069         2       640    0.6348    0.7226    0.7506    0.6282   0.01342  0.004758   0.01756
   337/499     6.12G    0.0166  0.003401  0.004248  0.005851   0.03011         3       640     0.635    0.7226    0.7506    0.6283    0.0134  0.004755   0.01755
   338/499     6.12G    0.0167  0.003446  0.004104  0.005885   0.03014         5       640    0.6352    0.7226    0.7505    0.6284    0.0134  0.004753   0.01754
   339/499     6.12G   0.01654  0.003482  0.004317  0.006083   0.03042         2       640    0.6354    0.7226    0.7504    0.6282   0.01341  0.004749   0.01752
   340/499     6.12G   0.01665  0.003498  0.004342  0.006096   0.03059         4       640    0.6356    0.7226    0.7507    0.6284   0.01341  0.004747    0.0175
   341/499     6.12G   0.01709  0.003618  0.005303  0.006638   0.03265         3       640    0.6353    0.7226    0.7507    0.6288    0.0134  0.004743   0.01748
   342/499     6.12G   0.01703   0.00373   0.00469  0.006561   0.03202         2       640    0.6356    0.7226    0.7509    0.6289   0.01338  0.004741   0.01747
   343/499     6.12G   0.01676  0.003543  0.004593  0.005957   0.03085        11       640    0.6354    0.7226     0.751    0.6289   0.01336  0.004739   0.01746
   344/499     6.12G   0.01576  0.003445  0.004223  0.005492   0.02892         2       640    0.6359    0.7226    0.7511     0.629   0.01336  0.004736   0.01744
   345/499     6.12G   0.01627   0.00343  0.003867  0.005841   0.02941         2       640    0.6365    0.7226    0.7511    0.6287   0.01335  0.004733   0.01742
   346/499     6.12G   0.01663  0.003468  0.004209   0.00575   0.03006         2       640    0.6365    0.7226    0.7512    0.6288   0.01336   0.00473    0.0174
   347/499     6.12G    0.0167  0.003452  0.004388  0.005889   0.03043         2       640    0.6364    0.7226    0.7513     0.629   0.01336  0.004727   0.01739
   348/499     6.12G   0.01636  0.003348  0.004062  0.005756   0.02952         2       640    0.6366    0.7226    0.7514    0.6291   0.01336  0.004723   0.01737
   349/499     6.12G   0.01596  0.003378  0.004204  0.005415   0.02896         2       640    0.6365    0.7226    0.7515    0.6295   0.01336  0.004721   0.01736
   350/499     6.12G   0.01606  0.003395  0.004205  0.005511   0.02917         2       640    0.6364    0.7226    0.7516    0.6296   0.01335   0.00472   0.01734
   351/499     6.12G   0.01588   0.00339  0.004503  0.005595   0.02936         1       640    0.6363    0.7226    0.7518    0.6296   0.01335  0.004718   0.01733
   352/499     6.12G   0.01619  0.003394  0.004119  0.005834   0.02954         6       640    0.6364    0.7226    0.7517    0.6295   0.01335  0.004715   0.01731
   353/499     6.12G   0.01604  0.003331  0.003934  0.005434   0.02874         2       640    0.6365    0.7226    0.7519    0.6299   0.01334  0.004714    0.0173
   354/499     6.12G   0.01598  0.003286  0.003856  0.005579    0.0287         3       640    0.6367    0.7226    0.7518    0.6297   0.01334  0.004711   0.01728
   355/499     6.12G   0.01646  0.003402  0.004011  0.005768   0.02964         2       640    0.6368    0.7226    0.7519    0.6299   0.01335  0.004709   0.01726
   356/499     6.12G   0.01642  0.003306  0.004056  0.005428   0.02921         3       640    0.6369    0.7226     0.752    0.6297   0.01334  0.004707   0.01724
   357/499     6.12G   0.01647   0.00341  0.004132  0.005438   0.02945         4       640    0.6369    0.7226    0.7521    0.6252   0.01333  0.004704   0.01722
   358/499     6.12G   0.01613  0.003396  0.003964   0.00561    0.0291         3       640     0.637    0.7226    0.7521    0.6248   0.01333  0.004703    0.0172
   359/499     6.12G   0.01595  0.003334  0.003491  0.005848   0.02862         2       640    0.6373    0.7226    0.7522     0.625   0.01332    0.0047   0.01719
   360/499     6.12G    0.0163  0.003339  0.004022  0.005675   0.02934         2       640     0.638    0.7226    0.7522    0.6254   0.01331  0.004697   0.01717
   361/499     6.12G   0.01571  0.003287  0.003719  0.005297   0.02801         8       640    0.6383    0.7226    0.7522    0.6256   0.01331  0.004695   0.01716
   362/499     6.12G   0.01586  0.003329  0.004001  0.005839   0.02903         2       640    0.6387    0.7226    0.7523    0.6254   0.01331  0.004694   0.01714
   363/499     6.12G   0.01564  0.003362  0.003812  0.005361   0.02818         8       640    0.6399    0.7226    0.7523    0.6262   0.01331  0.004691   0.01712
   364/499     6.12G   0.01547   0.00332  0.003445  0.005193   0.02743         2       640    0.6404    0.7226    0.7524    0.6256    0.0133  0.004689    0.0171
   365/499     6.12G   0.01493  0.003279  0.003721  0.005277    0.0272         2       640     0.641    0.7226    0.7525    0.6254   0.01331  0.004686   0.01708
   366/499     6.12G   0.01555  0.003307  0.003791  0.005405   0.02806         2       640    0.6415    0.7226    0.7526    0.6261   0.01331  0.004685   0.01706
   367/499     6.12G   0.01588   0.00338  0.003997  0.005517   0.02877         2       640    0.6416    0.7226    0.7526    0.6264    0.0133  0.004682   0.01704
   368/499     6.12G   0.01583  0.003434  0.004106   0.00557   0.02894         6       640     0.642    0.7226    0.7526    0.6263    0.0133  0.004681   0.01702
   369/499     6.12G   0.01564  0.003328  0.003772  0.005314   0.02805         2       640    0.6416    0.7226    0.7526    0.6261   0.01329  0.004679     0.017
   370/499     6.12G   0.01514  0.003325  0.003743  0.005263   0.02747         4       640    0.6421    0.7226    0.7527    0.6263   0.01328  0.004676   0.01698
   371/499     6.12G   0.01579  0.003363  0.004005  0.005482   0.02864        10       640    0.6422    0.7226    0.7529    0.6302   0.01329  0.004674   0.01696
   372/499     6.12G   0.01636  0.003383  0.003948  0.005254   0.02895         2       640    0.6425    0.7226    0.7529    0.6302   0.01328  0.004672   0.01694
   373/499     6.12G     0.016  0.003381  0.003913   0.00538   0.02867         2       640    0.6429    0.7226     0.753      0.63   0.01328   0.00467   0.01693
   374/499     6.12G   0.01593  0.003339  0.004074   0.00545    0.0288         2       640    0.6434    0.7226    0.7531    0.6266   0.01327  0.004669   0.01692
   375/499     6.12G   0.01565  0.003291  0.003859   0.00552   0.02832         2       640    0.6437    0.7226    0.7529    0.6267   0.01326  0.004667   0.01691
   376/499     6.12G   0.01501  0.003216  0.003717  0.005397   0.02734         6       640    0.6468    0.7226    0.7531    0.6267   0.01326  0.004665   0.01689
   377/499     6.12G   0.01564   0.00328  0.003755  0.005255   0.02793         4       640    0.6477    0.7226     0.753    0.6268   0.01325  0.004663   0.01688
   378/499     6.12G   0.01589  0.003268  0.003552  0.005451   0.02816         1       640     0.648    0.7226    0.7531    0.6266   0.01324   0.00466   0.01687
   379/499     6.12G    0.0158   0.00331   0.00367  0.005224   0.02801         2       640    0.6485    0.7226     0.753    0.6267   0.01323  0.004658   0.01685
   380/499     6.12G    0.0157  0.003305  0.003887  0.005281   0.02817         6       640    0.6491    0.7226    0.7534    0.6304   0.01324  0.004656   0.01684
   381/499     6.12G   0.01511  0.003192  0.003453  0.005197   0.02696         9       640    0.6498    0.7226    0.7533    0.6306   0.01323  0.004653   0.01681
   382/499     6.12G   0.01577  0.003276  0.003772  0.005357   0.02818         3       640    0.6505    0.7226    0.7534    0.6307   0.01323   0.00465    0.0168
   383/499     6.12G    0.0154  0.003298  0.003967  0.005255   0.02792         3       640     0.651    0.7226    0.7536    0.6313   0.01322  0.004648   0.01678
   384/499     6.12G   0.01513  0.003246  0.003809  0.005169   0.02735         6       640    0.6519    0.7226    0.7534    0.6312   0.01322  0.004646   0.01675
   385/499     6.12G   0.01529  0.003205  0.003177  0.005312   0.02699         7       640    0.6526    0.7226    0.7536    0.6312   0.01321  0.004644   0.01674
   386/499     6.12G   0.01542  0.003233  0.003712  0.005395   0.02776         9       640    0.6525    0.7226    0.7537    0.6314   0.01321  0.004642   0.01672
   387/499     6.12G   0.01477  0.003191  0.003303  0.005171   0.02643         6       640    0.6526    0.7226    0.7538    0.6312   0.01321   0.00464   0.01669
   388/499     6.12G   0.01502  0.003287  0.003859  0.005412   0.02757         2       640    0.6535    0.7226    0.7538    0.6278    0.0132  0.004638   0.01667
   389/499     6.12G   0.01518  0.003282  0.003688  0.005343   0.02749         2       640    0.6546    0.7226    0.7541    0.6269   0.01319  0.004636   0.01665
   390/499     6.12G   0.01465  0.003192  0.003141  0.004891   0.02587         2       640    0.6561    0.7226    0.7542    0.6266   0.01317  0.004634   0.01663
   391/499     6.12G    0.0158  0.003284  0.003797  0.005445   0.02833         3       640     0.657    0.7226    0.7544    0.6282   0.01316  0.004632   0.01661
   392/499     6.12G   0.01524  0.003219   0.00357  0.005284   0.02731         2       640    0.6571    0.7226    0.7547     0.627   0.01316   0.00463   0.01658
   393/499     6.12G   0.01484  0.003232   0.00361  0.005138   0.02682         2       640    0.6574    0.7226    0.7548    0.6287   0.01317  0.004628   0.01656
   394/499     6.12G   0.01493   0.00318  0.003351  0.005248   0.02671         5       640    0.6577    0.7222    0.7552    0.6289   0.01316  0.004626   0.01654
   395/499     6.12G   0.01548  0.003211  0.003891  0.005194   0.02778         4       640    0.6583    0.7221    0.7548    0.6272   0.01315  0.004624   0.01651
   396/499     6.12G   0.01479  0.003224  0.003849  0.005211   0.02708         6       640    0.6587     0.722    0.7554    0.6292   0.01316  0.004623   0.01649
   397/499     6.12G   0.01492  0.003213  0.003337  0.005219   0.02668         2       640    0.6588     0.722    0.7568    0.6289   0.01315  0.004621   0.01646
   398/499     6.12G   0.01478  0.003326  0.004027  0.005225   0.02736         9       640    0.6596     0.722    0.7577    0.6311   0.01314  0.004619   0.01644
   399/499     6.12G   0.01465  0.003217  0.003363  0.004998   0.02623         2       640    0.6594     0.722    0.7601    0.6334   0.01314  0.004617   0.01641
   400/499     6.12G   0.01451  0.003265  0.003148  0.005041   0.02597         3       640    0.6599     0.722      0.76     0.633   0.01312  0.004615   0.01639
   401/499     6.12G   0.01447  0.003179  0.003164  0.005133   0.02594         2       640    0.6608    0.7226    0.7612    0.6344   0.01312  0.004613   0.01637
   402/499     6.12G   0.01501  0.003139  0.003548  0.005221   0.02692         5       640    0.6609    0.7226    0.7651    0.6376   0.01312   0.00461   0.01635
   403/499     6.12G   0.01442  0.003186  0.003465  0.005386   0.02645         2       640     0.661    0.7226    0.7652    0.6373   0.01312  0.004607   0.01632
   404/499     6.12G   0.01523  0.003199  0.003531  0.005361   0.02732         5       640    0.6613    0.7226    0.7652    0.6374   0.01312  0.004605    0.0163
   405/499     6.12G   0.01505  0.003285  0.003567  0.005343   0.02725         7       640    0.6619    0.7226    0.7651    0.6375   0.01312  0.004603   0.01627
   406/499     6.12G   0.01446  0.003152  0.003247  0.005194   0.02606         4       640    0.6631    0.7226    0.7652    0.6375   0.01312  0.004601   0.01625
   407/499     6.12G   0.01438  0.003193  0.003035  0.005056   0.02567         9       640    0.6633    0.7226    0.7653    0.6377   0.01312  0.004599   0.01623
   408/499     6.12G    0.0143   0.00313  0.003477   0.00499   0.02589         4       640    0.6642    0.7226    0.7653    0.6361   0.01311  0.004597    0.0162
   409/499     6.12G   0.01476  0.003145  0.003453   0.00503   0.02639         7       640    0.6645    0.7225    0.7652    0.6375   0.01312  0.004595   0.01618
   410/499     6.12G   0.01436  0.003068  0.003208   0.00499   0.02562         3       640    0.6648    0.7225    0.7653    0.6377   0.01311  0.004593   0.01616
   411/499     6.12G   0.01425  0.003145  0.003106   0.00485   0.02535         2       640    0.6651    0.7225    0.7653    0.6378   0.01311   0.00459   0.01613
   412/499     6.12G   0.01457   0.00311   0.00366  0.005042   0.02639         2       640    0.6655    0.7224    0.7653    0.6379   0.01311  0.004588    0.0161
   413/499     6.12G   0.01468   0.00315  0.003441  0.005007   0.02628         4       640    0.6662    0.7224    0.7654    0.6377   0.01311  0.004586   0.01608
   414/499     6.12G   0.01503  0.003232  0.003603  0.005318   0.02718         7       640    0.6667    0.7224    0.7654    0.6376   0.01311  0.004585   0.01606
   415/499     6.12G   0.01453  0.003134   0.00327  0.005134   0.02607         2       640    0.6676    0.7224    0.7654    0.6374    0.0131  0.004584   0.01604
   416/499     6.12G   0.01438  0.003101  0.002924  0.004887   0.02529         7       640    0.6676     0.722    0.7654     0.638   0.01309  0.004582   0.01602
   417/499     6.12G   0.01488  0.003145  0.003326  0.005011   0.02636         4       640    0.6679     0.722    0.7654    0.6363   0.01309  0.004581     0.016
   418/499     6.12G   0.01476  0.003082  0.003053  0.005061   0.02596         1       640    0.6682     0.722    0.7654    0.6367   0.01308  0.004579   0.01598
   419/499     6.12G   0.01442  0.003135  0.003226  0.005088   0.02587         2       640    0.6686     0.722    0.7654    0.6364   0.01307  0.004577   0.01597
   420/499     6.12G   0.01435  0.003082  0.003525  0.004967   0.02592         2       640    0.6688     0.722    0.7653    0.6365   0.01306  0.004576   0.01596
   421/499     6.12G   0.01418  0.003093  0.003201  0.004796   0.02527         2       640    0.6692     0.722    0.7653    0.6362   0.01305  0.004574   0.01595
   422/499     6.12G   0.01469  0.003193  0.003225  0.005034   0.02614         2       640    0.6694     0.722    0.7655    0.6356   0.01304  0.004572   0.01594
   423/499     6.12G   0.01452  0.003115  0.003693  0.005045   0.02637         4       640      0.67     0.722    0.7655    0.6354   0.01304   0.00457   0.01593
   424/499     6.12G   0.01459  0.003075  0.003262   0.00491   0.02584         2       640    0.6709     0.722    0.7656    0.6356   0.01304  0.004568   0.01591
   425/499     6.12G   0.01488  0.003106  0.003102  0.004834   0.02593         2       640    0.6714     0.722    0.7657    0.6356   0.01303  0.004567    0.0159
   426/499     6.12G   0.01455  0.003098  0.002999  0.004973   0.02562         5       640    0.6721     0.722    0.7655    0.6353   0.01303  0.004565   0.01589
   427/499     6.12G   0.01441  0.003111  0.003347  0.004977   0.02585         2       640    0.6722     0.722    0.7655    0.6343   0.01304  0.004564   0.01587
   428/499     6.12G   0.01412  0.003082  0.003075  0.004887   0.02516         3       640    0.6725     0.722    0.7657     0.634   0.01303  0.004562   0.01586
   429/499     6.12G   0.01424  0.003104  0.002932  0.004826    0.0251         4       640     0.673     0.722    0.7657    0.6336   0.01303   0.00456   0.01583
   430/499     6.12G   0.01438  0.003049  0.002972  0.004831   0.02523         2       640    0.6735    0.7215    0.7656    0.6337   0.01302  0.004557   0.01581
   431/499     6.12G   0.01452  0.003135  0.003164  0.004965   0.02578         2       640    0.6741    0.7218    0.7656    0.6339   0.01302  0.004555   0.01579
   432/499     6.12G   0.01391   0.00306  0.003072  0.004828   0.02487         3       640    0.6742     0.722    0.7657    0.6345   0.01303  0.004554   0.01577
   433/499     6.12G   0.01438  0.003062  0.003047  0.004798   0.02529         3       640    0.6742     0.722    0.7657    0.6339   0.01303  0.004552   0.01575
   434/499     6.12G   0.01398  0.003079  0.003082  0.004806   0.02494         5       640    0.6742     0.722    0.7657    0.6342   0.01303   0.00455   0.01574
   435/499     6.12G   0.01408  0.002995  0.003062  0.004759    0.0249         3       640     0.674     0.722    0.7657    0.6347   0.01303  0.004548   0.01572
   436/499     6.12G   0.01427   0.00302  0.002973   0.00475   0.02501         3       640    0.6739     0.722    0.7657    0.6347   0.01303  0.004546   0.01571
   437/499     6.12G   0.01384   0.00306  0.002924  0.004809   0.02463         2       640    0.6739     0.722    0.7657    0.6346   0.01302  0.004545   0.01569
   438/499     6.12G   0.01407  0.003094  0.003095  0.005023   0.02529        10       640    0.6741     0.722    0.7657    0.6345   0.01301  0.004543   0.01568
   439/499     6.12G   0.01438  0.003029  0.002968  0.004867   0.02524         2       640     0.676     0.722    0.7657    0.6348   0.01301   0.00454   0.01566
   440/499     6.12G   0.01426  0.003071   0.00353  0.004935    0.0258         2       640    0.6761     0.722    0.7657    0.6349   0.01301  0.004538   0.01565
   441/499     6.12G   0.01452  0.003047  0.002917  0.004655   0.02514         2       640    0.6762     0.722    0.7658    0.6348   0.01301  0.004535   0.01563
   442/499     6.12G   0.01454  0.003086  0.003281  0.004998   0.02591         2       640    0.6765     0.722    0.7658    0.6347   0.01302  0.004533   0.01562
   443/499     6.12G   0.01424  0.002986  0.003178  0.004789   0.02519         5       640    0.6766     0.722    0.7658     0.634   0.01302  0.004531    0.0156
   444/499     6.12G   0.01468  0.003134  0.003139  0.004899   0.02585         4       640    0.6768     0.722    0.7658     0.635   0.01302  0.004529   0.01559
   445/499     6.12G   0.01408  0.003083  0.003198  0.004813   0.02517         2       640    0.6769     0.722    0.7658    0.6337   0.01302  0.004528   0.01558
   446/499     6.12G   0.01376  0.003066  0.002913  0.004843   0.02459         2       640    0.6773     0.722    0.7656    0.6334   0.01302  0.004527   0.01557
   447/499     6.12G   0.01397  0.002985  0.003019  0.004675   0.02464         6       640    0.6775     0.722    0.7656    0.6338   0.01303  0.004525   0.01556
   448/499     6.12G   0.01421  0.003048  0.003097  0.004814   0.02517         7       640    0.6777     0.722    0.7656    0.6338   0.01302  0.004524   0.01554
   449/499     6.12G   0.01409  0.003036  0.003079  0.004811   0.02501         4       640    0.6779     0.722    0.7656    0.6337   0.01302  0.004522   0.01553
   450/499     6.12G   0.01405   0.00302   0.00314  0.004836   0.02504         5       640    0.6779    0.7217    0.7656    0.6341   0.01302   0.00452   0.01552
   451/499     6.12G   0.01422  0.003006  0.003371  0.004964   0.02556         2       640    0.6781    0.7216    0.7656    0.6339   0.01303  0.004518   0.01551
   452/499     6.12G   0.01414  0.002994  0.003324   0.00487   0.02533        12       640    0.6782    0.7217    0.7656    0.6341   0.01303  0.004517   0.01549
   453/499     6.12G   0.01369  0.002961  0.002926  0.004814    0.0244         2       640    0.6783    0.7217    0.7657     0.634   0.01303  0.004516   0.01547
   454/499     6.12G   0.01362  0.003019  0.002831  0.004724   0.02419         8       640    0.6782    0.7215    0.7657    0.6341   0.01303  0.004514   0.01545
   455/499     6.12G   0.01426  0.003044  0.003397  0.005075   0.02577         4       640    0.6786    0.7215    0.7659    0.6339   0.01303  0.004512   0.01543
   456/499     6.12G   0.01389  0.003035  0.003138   0.00486   0.02492         4       640     0.679    0.7215    0.7662    0.6346   0.01304  0.004511   0.01541
   457/499     6.12G   0.01383   0.00301  0.003138  0.004754   0.02473         2       640    0.6792    0.7215    0.7664    0.6346   0.01303  0.004509   0.01539
   458/499     6.12G   0.01421   0.00302  0.003254  0.005083   0.02557         6       640    0.6796    0.7215    0.7667    0.6348   0.01304  0.004507   0.01537
   459/499     6.12G   0.01391  0.003056  0.003177  0.004961    0.0251         3       640    0.6803    0.7218    0.7667    0.6354   0.01304  0.004505   0.01534
   460/499     6.12G   0.01372  0.003021  0.003046  0.004681   0.02447         2       640    0.6806    0.7219    0.7666    0.6353   0.01304  0.004504   0.01533
   461/499     6.12G   0.01358  0.003039  0.002958  0.004565   0.02414         2       640    0.6808     0.722    0.7668     0.635   0.01304  0.004502    0.0153
   462/499     6.12G   0.01398  0.003067  0.003232  0.004855   0.02514         3       640    0.6809     0.722    0.7669     0.635   0.01304    0.0045   0.01528
   463/499     6.12G   0.01427  0.003124  0.003361  0.004993   0.02574         2       640    0.6809     0.722    0.7669    0.6352   0.01304  0.004499   0.01526
   464/499     6.12G    0.0142  0.003048  0.003333  0.004788   0.02537         2       640    0.6811     0.722    0.7671    0.6354   0.01304  0.004497   0.01523
   465/499     6.12G   0.01366  0.002969  0.002956  0.004809    0.0244         3       640    0.6815     0.722    0.7673    0.6356   0.01304  0.004496   0.01521
   466/499     6.12G   0.01405  0.003004  0.003069  0.004721   0.02484         2       640    0.6819     0.722    0.7676    0.6361   0.01303  0.004494   0.01519
   467/499     6.12G   0.01403  0.002993   0.00306  0.004829   0.02492         2       640    0.6821     0.722    0.7676    0.6359   0.01303  0.004493   0.01518
   468/499     6.12G   0.01379  0.003011  0.002592  0.004682   0.02408         3       640    0.6826     0.722    0.7678    0.6363   0.01304  0.004491   0.01516
   469/499     6.12G   0.01404  0.003067  0.003388  0.004956   0.02545         4       640     0.683     0.722    0.7677    0.6361   0.01304   0.00449   0.01515
   470/499     6.12G   0.01412  0.003112  0.003004  0.005148   0.02539         2       640    0.6833     0.722    0.7683    0.6369   0.01303  0.004488   0.01513
   471/499     6.12G   0.01414  0.002978  0.003042  0.004828   0.02499         2       640    0.6835     0.722     0.769    0.6373   0.01304  0.004486   0.01511
   472/499     6.12G   0.01398  0.002978  0.002879  0.004707   0.02454         2       640    0.6837     0.722    0.7691     0.637   0.01304  0.004485   0.01509
   473/499     6.12G   0.01358  0.002961  0.002643  0.004592   0.02378         4       640     0.684     0.722      0.77    0.6376   0.01303  0.004484   0.01507
   474/499     6.12G   0.01377  0.002969  0.002903  0.004883   0.02453         2       640    0.6843     0.722    0.7701     0.638   0.01304  0.004483   0.01505
   475/499     6.12G   0.01383   0.00297  0.002857  0.004742    0.0244         5       640    0.6846     0.722    0.7702    0.6378   0.01303  0.004482   0.01502
   476/499     6.12G   0.01438  0.003021  0.003076  0.004983   0.02546         2       640     0.685     0.722    0.7716    0.6387   0.01303   0.00448   0.01501
   477/499     6.12G   0.01412  0.003049  0.003141  0.004827   0.02514         2       640    0.6851     0.722    0.7727    0.6397   0.01303  0.004478   0.01499
   478/499     6.12G   0.01358  0.002954  0.002962  0.004727   0.02422         3       640    0.6851     0.722    0.7748    0.6414   0.01302  0.004477   0.01497
   479/499     6.12G   0.01352  0.002998  0.002693  0.004542   0.02375         3       640    0.6851     0.722    0.7768    0.6429   0.01302  0.004476   0.01495
   480/499     6.12G   0.01372  0.002967   0.00295  0.004838   0.02448         5       640    0.6855     0.722    0.7768    0.6428   0.01302  0.004475   0.01493
   481/499     6.12G   0.01434  0.002936  0.002736  0.005004   0.02501         2       640    0.6856     0.722    0.7769    0.6429   0.01302  0.004474    0.0149
   482/499     6.12G   0.01445  0.003028  0.003051  0.004782   0.02531         2       640    0.6857     0.722     0.777    0.6429   0.01302  0.004474   0.01489
   483/499     6.12G   0.01352  0.002951  0.002927   0.00483   0.02423         3       640     0.686     0.722    0.7769    0.6428   0.01302  0.004472   0.01487
   484/499     6.12G   0.01397  0.003021  0.003298  0.004954   0.02525         3       640    0.6859     0.722     0.777    0.6427   0.01301  0.004472   0.01486
   485/499     6.12G   0.01415  0.002984  0.002915  0.005029   0.02508         3       640     0.686     0.722     0.777    0.6428   0.01302  0.004471   0.01483
   486/499     6.12G    0.0134  0.003006  0.002669  0.004572   0.02364         1       640    0.6862     0.722     0.777    0.6431   0.01302  0.004469   0.01481
   487/499     6.12G   0.01375  0.003038  0.002917   0.00491   0.02462         5       640    0.6864     0.722     0.777     0.643   0.01302  0.004467   0.01479
   488/499     6.12G   0.01372  0.002953   0.00287   0.00472   0.02426         2       640    0.6865     0.722    0.7804    0.6454   0.01301  0.004465   0.01476
   489/499     6.12G   0.01348  0.003006  0.002681  0.004678   0.02385         2       640    0.6868     0.722    0.7859    0.6499   0.01301  0.004464   0.01474
   490/499     6.12G   0.01436  0.003223  0.003473  0.005769   0.02682         2       640    0.6865     0.722    0.7859    0.6497   0.01302  0.004462   0.01471
   491/499     6.12G   0.01543  0.003332  0.003458  0.006393   0.02861         5       640    0.6864     0.722     0.786    0.6499   0.01302  0.004462   0.01467
   492/499     6.12G   0.01452  0.003135  0.003141  0.005429   0.02622         3       640    0.6862     0.722    0.7859    0.6494   0.01302  0.004462   0.01463
   493/499     6.12G   0.01451    0.0031  0.003136  0.005563   0.02631         2       640    0.6862     0.722    0.7859    0.6492   0.01302  0.004462   0.01461
   494/499     6.12G   0.01428   0.00309  0.003372  0.005777   0.02652         4       640    0.6858     0.722     0.786    0.6496   0.01302  0.004461   0.01458
   495/499     6.12G   0.01475  0.003229  0.003161  0.005453    0.0266         7       640    0.6854     0.722    0.7859    0.6495   0.01304  0.004462   0.01455
   496/499     6.12G    0.0141  0.003122  0.002988  0.005124   0.02533         2       640     0.685     0.722    0.7848    0.6498   0.01303  0.004463   0.01454
   497/499     6.12G   0.01435  0.003121   0.00302  0.005069   0.02556         6       640    0.6855     0.722    0.7849    0.6506   0.01303  0.004461   0.01452
   498/499     6.12G   0.01415  0.003065  0.002972  0.004937   0.02513         7       640    0.6855     0.722     0.785      0.65   0.01303  0.004461    0.0145
   499/499     6.12G   0.01417  0.003058  0.002906  0.004824   0.02496         2       640    0.6855     0.722    0.7851      0.65   0.01303  0.004461   0.01448
