    21/499     5.04G   0.03119  0.006627   0.03622   0.01743   0.09147         5       640    0.1703    0.4069    0.3175    0.2081   0.03181  0.007612   0.05391
    22/499     5.04G    0.0332  0.006882   0.03615   0.01886   0.09509         3       640    0.1784    0.3483    0.2556    0.1756   0.03031  0.008794   0.05956
    23/499     5.04G   0.03309  0.007021    0.0359   0.01969    0.0957         2       640    0.1664    0.4271    0.3131    0.1996   0.02773  0.008092   0.05198
    24/499     5.04G   0.03152  0.006687   0.03356   0.01669   0.08846         3       640    0.1845    0.4173    0.3414    0.2031   0.02769  0.008036   0.04977
    25/499     5.04G   0.03115  0.006573   0.03282   0.01638   0.08691         4       640     0.183    0.4469    0.3723    0.2523   0.02676  0.007712   0.04885
    26/499     5.04G   0.03121  0.006549   0.03091    0.0164   0.08507         3       640    0.2095    0.4397    0.3902    0.2744   0.02523  0.007896   0.04722
    27/499     5.04G   0.03121  0.006483    0.0302   0.01651   0.08441         2       640     0.193    0.4733    0.4034    0.2689   0.02565  0.007743   0.04549
    28/499     5.04G   0.03104  0.006431   0.02908   0.01606   0.08261         4       640    0.1951    0.4726    0.3929    0.2588   0.02492  0.007857   0.04273
    29/499     5.04G   0.03178  0.006419   0.02799    0.0165   0.08268         3       640    0.2195    0.4816    0.4332    0.3018   0.02478  0.007566   0.04115
    30/499     5.04G   0.03008  0.006277   0.02676   0.01496   0.07808         3       640    0.2277    0.4671    0.4247    0.3032   0.02411  0.007493   0.04224
    31/499     5.04G   0.03197  0.006358   0.02702   0.01575   0.08109         2       640    0.2158    0.4998    0.4331    0.2935   0.02655   0.00742   0.04175
    32/499     5.04G   0.02973  0.006278   0.02432   0.01448   0.07481         9       640    0.2556     0.511    0.4699    0.3326   0.02457  0.007415   0.03949
    33/499     5.04G   0.03036   0.00614   0.02394   0.01469   0.07513         5       640    0.2395    0.4924    0.4558     0.297   0.02723  0.007383   0.03902
    34/499     5.04G   0.03005   0.00619   0.02328   0.01426   0.07378         4       640    0.2694    0.5073     0.483     0.347   0.02319  0.007485   0.03704
    35/499     5.04G    0.0301  0.006035   0.02201   0.01514   0.07328         6       640    0.3097    0.5303    0.4904    0.3275   0.02451  0.007434   0.03772
    36/499     5.04G   0.03048  0.006172   0.02195    0.0146   0.07321         2       640    0.2721    0.5072    0.4689    0.3218   0.02429  0.007608   0.03806
    37/499     5.04G   0.03004  0.006143   0.02157   0.01493   0.07267         2       640    0.3089    0.5206    0.4934    0.3508   0.02332  0.007316   0.03526
    38/499     5.04G   0.02973  0.005965   0.01983     0.014   0.06953         2       640    0.3441    0.5368    0.5116    0.3633   0.02393  0.007056   0.03551
    39/499     5.04G   0.02954   0.00598   0.01963   0.01375    0.0689         2       640    0.3451    0.5377    0.5061    0.3498   0.02499  0.007211   0.03535
    40/499     5.04G   0.02966  0.005992   0.01966   0.01442   0.06973         3       640    0.3682    0.5285    0.5133    0.3647   0.02567   0.00735   0.03442
    41/499     5.04G   0.02945  0.006094   0.01987   0.01425   0.06967         2       640    0.3535    0.5492    0.5245     0.373   0.02226   0.00729   0.03387
    42/499     5.04G   0.02953  0.005985   0.01891   0.01428    0.0687         2       640    0.3417    0.5568    0.5481    0.3856   0.02265  0.007124   0.03253
    43/499     5.04G   0.02934  0.005912    0.0189   0.01395   0.06811         4       640    0.3418    0.5431    0.5265    0.3745   0.02301  0.007052   0.03412
    44/499     5.04G   0.02921   0.00595    0.0184   0.01375   0.06731         3       640    0.3204    0.5454    0.5273    0.3656   0.02508   0.00699   0.03306
    45/499     5.04G   0.02863   0.00594   0.01779   0.01313   0.06549         2       640    0.3865    0.5688    0.5533    0.4036   0.02166  0.007006   0.03146
    46/499     5.04G   0.02902  0.005922   0.01791   0.01293   0.06578         6       640    0.3738     0.562    0.5621    0.4017   0.02304  0.006975   0.03103
    47/499     5.04G   0.02917  0.005993    0.0171   0.01306   0.06532         3       640    0.4076    0.5985    0.5688    0.4101   0.02211  0.006863   0.03155
    48/499     5.04G   0.02796  0.005797   0.01681    0.0124   0.06297        10       640    0.3632    0.5647    0.5515    0.3874   0.02395  0.007009   0.03151
    49/499     5.04G   0.02822  0.005687   0.01622   0.01262   0.06274         2       640    0.3857    0.5805    0.5756    0.4258   0.02259   0.00668   0.03084
    50/499     5.04G   0.02772  0.005724   0.01631   0.01181   0.06156         2       640    0.3768    0.5868    0.5754    0.4404   0.02106  0.006711   0.03043
    51/499     5.04G   0.02809   0.00565   0.01612   0.01196   0.06182         2       640    0.3954    0.5773    0.5686    0.4207     0.021   0.00681   0.03021
    52/499     5.04G   0.02817  0.005761   0.01611   0.01255   0.06259        11       640    0.3801    0.5803    0.5681    0.3995   0.02342  0.006697   0.03029
    53/499     5.04G   0.02861  0.005695   0.01596   0.01301   0.06328         2       640    0.4171    0.5753    0.5717    0.4311   0.02219  0.006544   0.02991
    54/499     5.04G   0.02862   0.00571   0.01588   0.01264   0.06285         5       640    0.3981    0.5829    0.5742    0.4297   0.02041  0.006622   0.02949
    55/499     5.04G    0.0274  0.005617   0.01452    0.0119   0.05943         1       640    0.3916     0.596     0.576     0.419   0.02164  0.006715   0.02971
    56/499     5.04G   0.02859  0.005727   0.01535   0.01247   0.06214         4       640    0.3914    0.5793    0.5766    0.4326   0.02154   0.00669   0.02961
    57/499     5.04G   0.02829   0.00565    0.0144   0.01288   0.06121         5       640    0.4182    0.6035    0.5786    0.4464   0.02123  0.006629   0.02867
    58/499     5.04G   0.02672  0.005581   0.01454   0.01171   0.05854         2       640     0.429    0.6124    0.5898     0.465   0.01969  0.006625   0.02786
    59/499     5.04G     0.027  0.005539   0.01405   0.01096   0.05755         3       640    0.4157    0.6356    0.5818    0.4479    0.0204   0.00671   0.02914
    60/499     5.04G   0.02751  0.005431   0.01406   0.01182   0.05883         2       640    0.4166    0.6248    0.5837    0.4462   0.02022  0.006558   0.02927
    61/499     5.04G   0.02771  0.005523   0.01418   0.01149   0.05891         2       640     0.403     0.573    0.5788    0.4463   0.01979  0.006609   0.02893
    62/499     5.04G   0.02799    0.0057   0.01526   0.01313   0.06208         2       640    0.4035    0.5808    0.5676     0.421   0.02048  0.006701   0.03021
    63/499     5.04G   0.02665   0.00565   0.01503   0.01149   0.05881         2       640    0.4098    0.5758    0.5712    0.4411   0.01905    0.0066   0.02973
    64/499     5.04G   0.02611  0.005381   0.01353   0.01094   0.05596         3       640     0.428    0.6019    0.5839    0.4556   0.01868  0.006349   0.02787
    65/499     5.04G   0.02616  0.005553   0.01325   0.01137   0.05633         2       640    0.3938    0.5851    0.5642    0.4332   0.01982  0.006742   0.03054
    66/499     5.04G   0.02666   0.00554   0.01424   0.01124   0.05768         4       640    0.4124    0.5769    0.5757    0.4494   0.01956  0.006505   0.02896
    67/499     5.04G   0.02683    0.0055   0.01363   0.01106   0.05703         7       640    0.4114    0.6231    0.5842    0.4515   0.01988  0.006487   0.02785
    68/499     5.04G   0.02665  0.005289   0.01353   0.01067   0.05614         2       640    0.4331     0.629     0.586    0.4666   0.01924  0.006437   0.02721
    69/499     5.04G   0.02575  0.005249   0.01257   0.01005   0.05362         6       640     0.438    0.6036    0.5832    0.4582    0.0191  0.006246   0.02754
    70/499     5.04G   0.02678  0.005254   0.01267   0.01059   0.05529         2       640    0.4474    0.6476    0.5958    0.4688   0.01891  0.006188   0.02723
    71/499     5.04G   0.02629  0.005323   0.01307   0.01032     0.055         4       640    0.4286    0.6301    0.5903    0.4659   0.01937  0.006218   0.02692
    72/499     5.04G   0.02599  0.005264   0.01275   0.01067   0.05466         3       640    0.4468    0.6349    0.5916     0.465   0.01844  0.006228   0.02646
    73/499     5.04G   0.02715  0.005459   0.01345   0.01162   0.05768         4       640    0.4352    0.6462    0.5954    0.4679   0.01858  0.006272   0.02668
    74/499     5.04G   0.02611  0.005262    0.0127   0.01077   0.05484         4       640    0.4399    0.6452    0.5956    0.4753   0.01773  0.006286    0.0262
    75/499     5.04G   0.02696  0.005256   0.01295   0.01061   0.05578         2       640    0.4382    0.6396    0.5934    0.4791   0.01795  0.006088   0.02662
    76/499     5.04G   0.02592  0.005158   0.01195  0.009906   0.05293         2       640    0.4434    0.6472    0.5962    0.4652   0.01911  0.005965   0.02647
    77/499     5.04G   0.02549    0.0052   0.01211   0.01061   0.05341         6       640    0.4298    0.6495    0.6007    0.4816   0.01908  0.005986   0.02683
    78/499     5.04G    0.0261  0.005149   0.01195   0.01091    0.0541         4       640    0.4354    0.6257    0.5897    0.4615   0.01846  0.006006   0.02636
    79/499     5.04G   0.02561  0.005154   0.01149   0.01025   0.05251         2       640    0.4257    0.6171    0.5916    0.4796   0.01755  0.005882   0.02625
    80/499     5.04G   0.02577  0.005137   0.01174   0.01023   0.05287         5       640    0.4365    0.6352    0.5916    0.4783   0.01729  0.006015   0.02607
    81/499     5.04G   0.02549  0.005126   0.01222   0.01016   0.05299         5       640    0.4119    0.6375    0.5902    0.4695   0.01815  0.005995   0.02577
    82/499     5.04G   0.02553  0.005119   0.01218   0.01077    0.0536         2       640    0.4449     0.649    0.5995    0.4842   0.01769  0.005859   0.02554
    83/499     5.04G   0.02681  0.005475     0.014    0.0121   0.05838         2       640     0.423    0.6471    0.5927    0.4711   0.01878  0.006003   0.02595
    84/499     5.04G    0.0259  0.005124   0.01259   0.01099    0.0546         2       640    0.4295    0.6393    0.5945    0.4826   0.01784  0.005972   0.02507
    85/499     5.04G   0.02628  0.005215   0.01271    0.0109   0.05511         2       640    0.4417    0.6477    0.5974    0.4864   0.01747  0.005923   0.02563
    86/499     5.04G   0.02568  0.004997   0.01155   0.01013   0.05235         6       640    0.4497    0.6475    0.6002    0.4878   0.01737  0.005922   0.02517
    87/499     5.04G   0.02523    0.0051   0.01101   0.01031   0.05164         2       640    0.4413    0.6501    0.5992    0.4913   0.01732  0.005983    0.0255
    88/499     5.04G   0.02504   0.00496   0.01098   0.01018   0.05116         2       640     0.461    0.6447    0.6026    0.4832   0.01695  0.005925    0.0258
    89/499     5.04G   0.02535  0.005087   0.01141   0.01083   0.05267        12       640    0.4403    0.6471    0.5937    0.4933   0.01644  0.005856   0.02552
    90/499     5.04G   0.02499  0.005075   0.01146   0.01034   0.05187         2       640    0.4588    0.6488    0.6082    0.5031   0.01676  0.005837   0.02484
    91/499     5.04G   0.02487  0.005022   0.01117  0.009992   0.05106         2       640    0.4483    0.6469    0.6002    0.4904   0.01655  0.005957   0.02516
    92/499     5.04G    0.0244  0.004931   0.01104   0.01028   0.05065         4       640    0.4519    0.6448    0.5967    0.4886   0.01667  0.005921   0.02455
    93/499     5.04G   0.02482   0.00504   0.01086   0.01052   0.05124         2       640    0.4689    0.6401    0.5983    0.4831   0.01679  0.005823   0.02447
    94/499     5.04G   0.02475   0.00491   0.01061   0.01001   0.05028         3       640    0.4594    0.6362    0.5958    0.4858   0.01683  0.005712   0.02458
    95/499     5.04G   0.02558  0.005006   0.01071   0.01024   0.05153         2       640    0.4456     0.647    0.6002    0.4902   0.01686  0.005785   0.02471
    96/499     5.04G   0.02473  0.004926   0.01079  0.009746   0.05018         2       640     0.458    0.6492    0.6022    0.4943   0.01742   0.00567   0.02447
    97/499     5.04G    0.0258  0.005053   0.01075   0.01051   0.05211         5       640    0.4726    0.6488    0.6012    0.4971   0.01771  0.005588   0.02433
    98/499     5.04G   0.02452  0.004962   0.01112  0.009645   0.05025         2       640    0.4683    0.6517    0.6041    0.4969   0.01644  0.005653   0.02445
    99/499     5.04G   0.02437  0.004789   0.01036   0.00926   0.04878         2       640    0.4703    0.6519    0.6045    0.4962   0.01659   0.00562   0.02454
   100/499     5.04G   0.02414  0.004841  0.009554  0.009548   0.04808         4       640     0.467    0.6498    0.6023    0.4902   0.01612  0.005682   0.02451
   101/499     5.04G   0.02412  0.004838  0.009485  0.009296   0.04774         5       640    0.4662    0.6492    0.6061    0.5026   0.01612  0.005657   0.02439
   102/499     5.04G    0.0235  0.004794  0.009615  0.009471   0.04738         7       640    0.4615     0.653    0.6065    0.5007   0.01619  0.005593   0.02429
   103/499     5.04G   0.02352   0.00486  0.009289   0.01012   0.04779         1       640    0.4488    0.6502    0.6053    0.5006   0.01641  0.005613   0.02421
   104/499     5.04G   0.02424  0.004904  0.009806  0.009228   0.04817         6       640    0.4602    0.6507    0.6069    0.5008    0.0163  0.005583   0.02378
   105/499     5.04G   0.02345  0.004807  0.009267  0.009345   0.04687        12       640     0.465    0.6505    0.6128    0.5118   0.01589  0.005562   0.02375
   106/499     5.04G    0.0246  0.004845    0.0104  0.009279   0.04912         5       640    0.4746    0.6491    0.6132    0.5113   0.01605  0.005506   0.02374
   107/499     5.04G   0.02403  0.004832   0.01056  0.009685   0.04911         6       640    0.4704    0.6518    0.6135    0.5084   0.01613  0.005486   0.02373
   108/499     5.04G   0.02579  0.004856   0.01047   0.01047   0.05159         3       640    0.4604    0.6508    0.6142    0.5091   0.01595  0.005528   0.02364
   109/499     5.04G   0.02459  0.004919  0.009939   0.01021   0.04966         9       640    0.4617    0.6501    0.6077    0.5048   0.01602  0.005529   0.02366
   110/499     5.04G   0.02523  0.004703  0.009966  0.009336   0.04924         3       640    0.4618    0.6498    0.6078     0.504   0.01595  0.005554   0.02335
   111/499     5.04G   0.02401  0.004682   0.00929  0.009113   0.04709        10       640    0.4608    0.6521    0.6099    0.5054   0.01587  0.005572   0.02334
   112/499     5.04G   0.02398  0.004631  0.009124  0.009314   0.04705         1       640    0.4601    0.6477    0.6118     0.507   0.01568  0.005572   0.02348
   113/499     5.04G   0.02393  0.004746  0.009349   0.00983   0.04786         2       640     0.462    0.6524    0.6143    0.5111   0.01579  0.005529    0.0233
   114/499     5.04G   0.02417  0.004774  0.009579  0.009611   0.04813         9       640    0.4652    0.6509    0.6097    0.5062   0.01584  0.005565   0.02307
   115/499     5.04G   0.02363  0.004839    0.0098  0.009452   0.04772         7       640    0.4548    0.6509    0.6101    0.5077   0.01568  0.005577   0.02294
   116/499     5.04G   0.02349  0.004663  0.009454  0.008951   0.04656         5       640    0.4603    0.6542    0.6125      0.51   0.01545  0.005537   0.02285
   117/499     5.04G   0.02417   0.00465  0.009392   0.00909    0.0473         2       640    0.4666    0.6538     0.615    0.5114    0.0157  0.005528   0.02283
   118/499     5.04G   0.02378  0.004715  0.009484  0.009449   0.04742         2       640    0.4613    0.6527    0.6092    0.5089   0.01556  0.005549   0.02292
   119/499     5.04G   0.02444  0.004865  0.009472  0.009907   0.04869         9       640     0.457    0.6527    0.6046    0.5084   0.01562  0.005548   0.02295
   120/499     5.04G   0.02365  0.004771   0.00898  0.009227   0.04663         6       640     0.459    0.6523    0.6051    0.5091   0.01537  0.005531   0.02299
   121/499     5.04G   0.02421  0.004713  0.008699  0.008639   0.04626         4       640    0.4646    0.6526    0.6085    0.5101   0.01551  0.005556     0.023
   122/499     5.04G   0.02419  0.004706  0.009859  0.009529   0.04829         2       640    0.4678    0.6525    0.6106    0.5103   0.01545  0.005526   0.02288
   123/499     5.04G   0.02306  0.004554  0.008312  0.008748   0.04467         2       640    0.4678    0.6534    0.6064    0.5082   0.01543  0.005513   0.02274
   124/499     5.04G   0.02354  0.004522  0.008668  0.009252   0.04598         2       640    0.4714    0.6529    0.6069    0.5093   0.01552  0.005483    0.0227
   125/499     5.04G   0.02282  0.004624  0.008892  0.009111   0.04544         5       640     0.471    0.6519    0.6119    0.5147    0.0153  0.005466   0.02261
   126/499     5.04G   0.02349  0.004623  0.009643  0.008924   0.04668         2       640    0.4701    0.6527    0.6054    0.5087    0.0151  0.005454    0.0226
   127/499     5.04G   0.02269  0.004615  0.008365  0.008428    0.0441         5       640    0.4753    0.6524    0.6068    0.5109   0.01508  0.005457   0.02254
   128/499     5.04G   0.02357  0.004618  0.009172  0.009002   0.04637         2       640    0.4769    0.6517    0.6101    0.5146   0.01499  0.005469   0.02242
   129/499     5.04G   0.02277  0.004648  0.008592   0.00839    0.0444         2       640    0.4763    0.6522    0.6105    0.5157   0.01504  0.005457   0.02229
   130/499     5.04G   0.02334  0.004579  0.009087  0.009108   0.04612         2       640    0.4739    0.6522    0.6052    0.5095   0.01511  0.005412   0.02222
   131/499     5.04G   0.02382  0.004751   0.01014   0.01006   0.04878         2       640    0.4693    0.6513    0.6099    0.5143   0.01536  0.005414   0.02231
   132/499     5.04G   0.02343  0.004801  0.008818   0.00992   0.04697         3       640    0.4633    0.6517    0.6105    0.5151   0.01506  0.005414   0.02232
   133/499     5.04G   0.02264  0.004692  0.008907  0.009144   0.04538         2       640    0.4624    0.6527    0.6152    0.5183   0.01498   0.00543   0.02231
   134/499     5.04G   0.02315  0.004558  0.008879  0.009382   0.04597         3       640    0.4604     0.652    0.6189    0.5197   0.01499  0.005423   0.02232
   135/499     5.04G   0.02316  0.004643  0.008191   0.00897   0.04496         5       640     0.463     0.652    0.6232    0.5256   0.01493  0.005408   0.02226
   136/499     5.04G   0.02377  0.004691   0.00872   0.00936   0.04655        13       640     0.464     0.652    0.6238    0.5264   0.01477  0.005408   0.02216
   137/499     5.04G   0.02283  0.004536  0.008309  0.009001   0.04467         2       640     0.462    0.6529     0.619    0.5246   0.01458  0.005405   0.02216
   138/499     5.04G   0.02376   0.00487  0.009686   0.01022   0.04854        10       640    0.4527    0.6529    0.6151    0.5215    0.0146  0.005433   0.02213
   139/499     5.04G   0.02333  0.004709  0.008853   0.00961    0.0465         1       640     0.451     0.653    0.6133    0.5198   0.01468   0.00546   0.02208
   140/499     5.04G     0.023  0.004558  0.008217  0.008936   0.04471         5       640     0.454    0.6541    0.6098    0.5164   0.01472  0.005459   0.02201
   141/499     5.04G   0.02328  0.004669  0.008171  0.008846   0.04496         2       640    0.4562    0.6541    0.6096    0.5164    0.0148  0.005432   0.02199
   142/499     5.04G    0.0235  0.004555  0.008808  0.008815   0.04568         3       640    0.4583    0.6544    0.6072    0.5145   0.01481  0.005402   0.02205
   143/499     5.04G   0.02333  0.004511  0.008046  0.008566   0.04445         2       640    0.4588    0.6526    0.6069    0.5155   0.01479  0.005397   0.02201
   144/499     5.04G    0.0236  0.004469  0.008145   0.00877   0.04499         4       640    0.4646    0.6525    0.6062    0.5158   0.01479  0.005367     0.022
   145/499     5.04G   0.02205  0.004443  0.007972  0.008328   0.04279         2       640    0.4681    0.6534    0.6082    0.5168   0.01478  0.005359   0.02194
   146/499     5.04G   0.02312  0.004627  0.008101  0.008791   0.04464         4       640    0.4686    0.6537    0.6063     0.515   0.01477  0.005344   0.02182
   147/499     5.04G     0.023   0.00446  0.008288   0.00879   0.04454         7       640     0.468    0.6537    0.6082    0.5171   0.01478  0.005336   0.02178
   148/499     5.04G   0.02269  0.004541  0.007876  0.008506   0.04362         6       640    0.4713    0.6541    0.6097    0.5176   0.01482  0.005326   0.02173
   149/499     5.04G   0.02261  0.004519  0.007958  0.009342   0.04443         2       640    0.4724     0.654    0.6092    0.5174   0.01475  0.005316   0.02164
   150/499     5.04G   0.02181  0.004446  0.008117  0.008547   0.04292         2       640    0.4725    0.6538    0.6103    0.5165   0.01478  0.005322   0.02161
   151/499     5.04G   0.02259   0.00452  0.007653  0.008412   0.04318         2       640    0.4742    0.6541    0.6086    0.5176   0.01481  0.005322   0.02156
   152/499     5.04G   0.02202  0.004453  0.007736  0.008626   0.04284         2       640    0.4748    0.6541    0.6095    0.5191   0.01481  0.005316   0.02149
   153/499     5.04G   0.02344  0.004476  0.007932  0.008867   0.04471         2       640    0.4751    0.6544    0.6101    0.5203   0.01477  0.005315    0.0215
   154/499     5.04G   0.02264  0.004369  0.007596  0.008626   0.04323         2       640    0.4741    0.6549    0.6143     0.524   0.01478  0.005302   0.02148
   155/499     5.04G   0.02242  0.004461  0.008167  0.008601   0.04365         1       640    0.4757    0.6535    0.6139    0.5251    0.0147  0.005295   0.02143
   156/499     5.04G   0.02334  0.004514  0.008239  0.008687   0.04478         5       640    0.4741     0.654    0.6114    0.5227   0.01469  0.005298    0.0214
   157/499     5.04G   0.02264  0.004511  0.007581  0.008785   0.04351         4       640    0.4705    0.6537    0.6095    0.5202   0.01467  0.005312   0.02137
   158/499     5.04G    0.0223  0.004366  0.007626  0.008384   0.04268         3       640    0.4682    0.6537    0.6097    0.5208   0.01464  0.005315    0.0213
   159/499     5.04G   0.02248  0.004475  0.008532  0.008714    0.0442         2       640    0.4725    0.6539      0.61    0.5204   0.01463  0.005303   0.02125
   160/499     5.04G   0.02259  0.004301  0.007371  0.008416   0.04267         2       640    0.4738    0.6537    0.6096    0.5199   0.01458  0.005289   0.02121
   161/499     5.04G   0.02234  0.004349  0.007905   0.00829   0.04288         5       640    0.4759    0.6539    0.6115    0.5212   0.01457  0.005279   0.02118
   162/499     5.04G   0.02233  0.004502  0.007748  0.008158   0.04274         8       640    0.4746    0.6544    0.6134    0.5231   0.01456  0.005277    0.0211
   163/499     5.04G   0.02264  0.004303  0.007098  0.008018   0.04206         1       640    0.4748    0.6542    0.6148    0.5238    0.0145  0.005276   0.02104
   164/499     5.04G   0.02306  0.004411   0.00765  0.008291   0.04341         3       640     0.476    0.6543    0.6126    0.5234   0.01441  0.005269     0.021
   165/499     5.04G   0.02216  0.004414  0.007483  0.008384   0.04244         2       640    0.4768    0.6546    0.6114    0.5221   0.01443  0.005267   0.02097
   166/499     5.04G   0.02166   0.00438  0.007454  0.007866   0.04136         3       640     0.477    0.6544    0.6107     0.522   0.01442  0.005268   0.02093
   167/499     5.04G   0.02207  0.004259  0.007181  0.008041   0.04155         5       640    0.4777    0.6544    0.6109    0.5228   0.01444  0.005267    0.0209
   168/499     5.04G    0.0218  0.004355  0.007434  0.008324   0.04192         2       640    0.4774    0.6544    0.6111     0.523   0.01445  0.005262   0.02086
   169/499     5.04G   0.02222  0.004437   0.00761  0.008249   0.04251         6       640    0.4768    0.6544    0.6113    0.5241   0.01443  0.005264   0.02082
   170/499     5.04G   0.02166  0.004354  0.007519  0.008217   0.04175        10       640     0.477    0.6534    0.6134    0.5252   0.01435  0.005265    0.0208
   171/499     5.04G   0.02188  0.004377  0.007304  0.008263   0.04182         8       640    0.4763    0.6525    0.6153    0.5267   0.01431  0.005257   0.02082
   172/499     5.04G   0.02199  0.004318  0.007473  0.008002   0.04178         8       640    0.4778    0.6525    0.6155    0.5274   0.01431  0.005251   0.02082
   173/499     5.04G   0.02157  0.004307  0.006963  0.008354   0.04119         7       640    0.4781    0.6525    0.6173    0.5282   0.01431  0.005237    0.0208
   174/499     5.04G   0.02223  0.004343  0.007573  0.008698   0.04284         2       640    0.4774    0.6525    0.6163    0.5277   0.01433  0.005234   0.02077
   175/499     5.04G   0.02181  0.004296  0.007559  0.007989   0.04166         3       640    0.4766    0.6525    0.6163    0.5278   0.01432  0.005229   0.02074
   176/499     5.04G    0.0218  0.004424  0.007483  0.007973   0.04168         6       640    0.4766    0.6525    0.6162    0.5274   0.01433  0.005227   0.02071
   177/499     5.04G    0.0212  0.004272  0.006741  0.007818   0.04004         4       640    0.4771    0.6525    0.6166    0.5274   0.01434  0.005225   0.02068
   178/499     5.04G   0.02175  0.004329  0.007216  0.008086   0.04138         6       640    0.4776    0.6525    0.6158    0.5274   0.01435  0.005219   0.02067
   179/499     5.04G   0.02197  0.004169   0.00733  0.008473   0.04194         4       640    0.4786    0.6529    0.6158    0.5273   0.01436  0.005208   0.02066
   180/499     5.04G   0.02168  0.004347  0.007013  0.008069   0.04111         2       640    0.4801    0.6532    0.6156    0.5278   0.01437  0.005202   0.02065
   181/499     5.04G   0.02213  0.004323  0.007539  0.008199   0.04219         9       640    0.4802    0.6535    0.6155    0.5268   0.01435    0.0052   0.02061
   182/499     5.04G    0.0215  0.004334  0.007024  0.008178   0.04104         2       640    0.4787    0.6535    0.6158    0.5268   0.01435  0.005196   0.02058
   183/499     5.04G   0.02203  0.004417  0.007558  0.008305   0.04231         2       640    0.4799    0.6535    0.6158    0.5277   0.01432  0.005194   0.02056
   184/499     5.04G   0.02215   0.00432  0.007559  0.008535   0.04256         2       640    0.4807    0.6535    0.6159    0.5276   0.01433  0.005192   0.02055
   185/499     5.04G   0.02128  0.004273  0.006403  0.007817   0.03977         1       640    0.4812    0.6535    0.6159    0.5278    0.0143  0.005187   0.02054
   186/499     5.04G   0.02175  0.004224  0.006757  0.008124   0.04086         5       640     0.482    0.6535    0.6158     0.528   0.01426  0.005183   0.02052
   187/499     5.04G   0.02211  0.004366  0.007045  0.009144   0.04267         2       640    0.4816    0.6535     0.618    0.5292   0.01425   0.00518    0.0205
   188/499     5.04G   0.02229  0.004334  0.007511  0.009034   0.04316         3       640    0.4824    0.6535    0.6179    0.5288   0.01423  0.005176    0.0205
   189/499     5.04G    0.0214  0.004275   0.00689  0.007831   0.04039         2       640    0.4827    0.6535    0.6182    0.5293   0.01421  0.005174   0.02049
   190/499     5.04G   0.02127  0.004277   0.00684  0.008008   0.04039         7       640    0.4827    0.6535    0.6179    0.5288    0.0142  0.005171   0.02047
   191/499     5.04G   0.02206  0.004309  0.007349  0.008151   0.04187         3       640    0.4835    0.6542    0.6175    0.5282   0.01421  0.005169   0.02046
   192/499     5.04G   0.02141  0.004383  0.006816  0.008482   0.04109         2       640    0.4837    0.6543    0.6176    0.5292   0.01417  0.005167   0.02045
   193/499     5.04G   0.02241  0.004512  0.008538  0.009438    0.0449         4       640    0.4824    0.6544     0.618    0.5295   0.01418   0.00517    0.0204
   194/499     5.04G   0.02249    0.0045   0.00778  0.008652   0.04343         3       640    0.4822    0.6544    0.6187    0.5277   0.01421  0.005176   0.02034
   195/499     5.04G   0.02175  0.004446  0.007659  0.008747    0.0426         4       640    0.4821    0.6544    0.6186    0.5276   0.01424   0.00518    0.0203
   196/499     5.04G   0.02179  0.004371  0.007176  0.008615   0.04195         4       640    0.4819    0.6548    0.6187    0.5276   0.01424  0.005181   0.02026
   197/499     5.04G   0.02156  0.004396  0.007068  0.008785   0.04181         2       640    0.4818    0.6548    0.6188     0.529   0.01424  0.005181   0.02022
   198/499     5.04G   0.02122  0.004301  0.006675  0.008465   0.04066         6       640    0.4829    0.6548    0.6196    0.5289   0.01425  0.005178   0.02018
   199/499     5.04G   0.02274    0.0044  0.007334  0.009374   0.04384         4       640     0.483    0.6548    0.6196     0.528   0.01425  0.005175   0.02017
   200/499     5.04G   0.02262  0.004507  0.007787  0.009587    0.0445         2       640    0.4822    0.6548      0.62    0.5285   0.01428   0.00517   0.02016
   201/499     5.04G   0.02174   0.00438  0.006862  0.007888   0.04087         2       640    0.4828    0.6548    0.6208    0.5299   0.01429  0.005167   0.02015
   202/499     5.04G   0.02088  0.004268  0.006725  0.007918   0.03979         6       640    0.4829    0.6548    0.6215    0.5301   0.01428  0.005164   0.02013
   203/499     5.04G   0.02234  0.004304  0.006824  0.009471   0.04294         2       640    0.4826    0.6548    0.6221      0.53   0.01429   0.00516   0.02011
   204/499     5.04G    0.0219  0.004351  0.006731  0.008183   0.04117         2       640    0.4822    0.6548    0.6242    0.5319   0.01429  0.005159   0.02007
   205/499     5.04G   0.02109  0.004254  0.006548  0.008074   0.03997         2       640    0.4819    0.6548    0.6243    0.5316    0.0143  0.005156   0.02005
   206/499     5.04G   0.02067  0.004201  0.005959   0.00758   0.03841         3       640    0.4815    0.6544    0.6244    0.5314    0.0143  0.005152   0.02002
   207/499     5.04G   0.02094  0.004208  0.006954  0.007665   0.03976         7       640    0.4818    0.6542    0.6243    0.5315   0.01429   0.00515   0.01999
   208/499     5.04G   0.02071  0.004214  0.006177  0.007675   0.03877         8       640    0.4828    0.6546    0.6261    0.5323    0.0143  0.005148   0.01996
   209/499     5.04G   0.02095  0.004204  0.006399  0.007841   0.03939         6       640    0.4819    0.6538     0.626    0.5324   0.01431  0.005147   0.01993
   210/499     5.04G   0.02058   0.00415  0.006434  0.007811   0.03897         2       640     0.482     0.654     0.626    0.5334   0.01431  0.005144   0.01991
   211/499     5.04G    0.0205   0.00416  0.006194  0.007583   0.03843         4       640    0.4822     0.654    0.6262    0.5335   0.01433  0.005142   0.01989
   212/499     5.04G    0.0214  0.004022  0.006244  0.007649   0.03931         3       640    0.4822    0.6541    0.6263    0.5334   0.01432  0.005138   0.01987
   213/499     5.04G   0.02142   0.00415  0.006685  0.007864   0.04011         2       640    0.4824    0.6541    0.6288    0.5353   0.01433  0.005135   0.01984
   214/499     5.04G    0.0209  0.004192  0.006223  0.007839   0.03916         9       640    0.4825    0.6542    0.6291    0.5363   0.01434  0.005132   0.01982
   215/499     5.04G   0.02163  0.004199  0.007194  0.008018   0.04104         2       640    0.4827    0.6543    0.6291    0.5365   0.01435   0.00513    0.0198
   216/499     5.04G   0.02097  0.004217  0.006998  0.007997   0.04018         2       640    0.4826     0.654    0.6291    0.5364   0.01434  0.005128   0.01979
   217/499     5.04G   0.02018  0.004217  0.006214  0.007541   0.03816         2       640    0.4824    0.6543    0.6292    0.5372   0.01433  0.005125   0.01977
   218/499     5.04G   0.02025  0.004107  0.006185  0.007516   0.03806         5       640    0.4827    0.6543     0.629    0.5372   0.01433  0.005123   0.01975
   219/499     5.04G   0.02083  0.004197  0.006632  0.008435    0.0401         6       640    0.4827    0.6542     0.629    0.5379   0.01431  0.005122   0.01973
   220/499     5.04G   0.02129  0.004135  0.006439  0.007621   0.03948         5       640    0.4827    0.6542    0.6292     0.538   0.01431   0.00512   0.01972
   221/499     5.04G   0.02106  0.004083  0.006835  0.007728   0.03971         2       640    0.4827    0.6537     0.629    0.5379   0.01429  0.005118   0.01972
   222/499     5.04G   0.02072  0.004127  0.006094  0.007553    0.0385         2       640    0.4825    0.6532    0.6292    0.5377   0.01428  0.005116   0.01971
   223/499     5.04G   0.02032  0.004165  0.005909   0.00771    0.0381         3       640     0.483    0.6531    0.6288    0.5374   0.01428  0.005114    0.0197
   224/499     5.04G   0.02175  0.004134  0.006393  0.007673   0.03995         2       640    0.4841    0.6536    0.6291    0.5371   0.01427  0.005112   0.01969
   225/499     5.04G      0.02  0.004047  0.005881  0.007222   0.03715         2       640    0.4842    0.6536    0.6289    0.5371   0.01426   0.00511   0.01968
   226/499     5.04G   0.01995   0.00409  0.005586  0.007346   0.03698         6       640    0.4828    0.6537    0.6289     0.537   0.01426  0.005108   0.01967
   227/499     5.04G   0.01992  0.004048  0.006128  0.007125   0.03722         4       640    0.4839    0.6537    0.6343    0.5419   0.01425  0.005105   0.01965
   228/499     5.04G   0.02028  0.004075  0.005653  0.007354   0.03736         2       640    0.4837    0.6531    0.6345    0.5421   0.01423  0.005103   0.01964
   229/499     5.04G   0.02043  0.004054  0.005484  0.007429    0.0374        11       640    0.4839    0.6531     0.635    0.5423   0.01423  0.005101   0.01964
   230/499     5.04G   0.02056  0.004072   0.00648  0.007507   0.03862         6       640    0.4843    0.6532     0.635    0.5405   0.01422  0.005099   0.01963
   231/499     5.04G   0.02105  0.004223  0.006699  0.008098   0.04007         2       640    0.5507    0.6865    0.6516    0.5538   0.01422  0.005098   0.01962
   232/499     5.04G   0.02099  0.004309  0.006641  0.008941   0.04088         3       640    0.5504    0.6866    0.6517    0.5502   0.01422  0.005098    0.0196
   233/499     5.04G   0.02112  0.004333  0.006766  0.008568   0.04079         2       640    0.4838    0.6535    0.6353    0.5432   0.01421  0.005096   0.01957
   234/499     5.04G   0.02065   0.00413   0.00577  0.007379   0.03793         2       640     0.484    0.6536    0.6352    0.5434    0.0142  0.005095   0.01956
   235/499     5.04G   0.02025   0.00413  0.005837  0.007499   0.03771         5       640    0.5503    0.6869    0.6517    0.5584    0.0142  0.005093   0.01954
   236/499     5.04G    0.0202  0.004131  0.005996  0.007233   0.03756         1       640    0.5498    0.6869    0.6515    0.5595    0.0142  0.005091   0.01953
   237/499     5.04G   0.02082  0.004138  0.006455  0.007596   0.03901         3       640    0.5497    0.6869    0.6517     0.559   0.01421  0.005089   0.01952
   238/499     5.04G   0.02037  0.004038  0.005965  0.007549   0.03792         6       640    0.5498    0.6868    0.6543    0.5617    0.0142  0.005086   0.01951
   239/499     5.04G   0.01994  0.003977  0.005794  0.007376   0.03709         6       640    0.5499    0.6869    0.6542     0.554   0.01419  0.005084   0.01949
   240/499     5.04G   0.02008  0.003967  0.005811  0.007289   0.03715         5       640    0.5499    0.6867    0.6544     0.561   0.01418  0.005083   0.01948
   241/499     5.04G   0.01992  0.004038  0.005504  0.007328   0.03678         7       640    0.5499    0.6866    0.6543    0.5549   0.01416  0.005082   0.01947
   242/499     5.04G    0.0201  0.004033  0.005738   0.00702   0.03689         3       640      0.55    0.6863    0.6542    0.5548   0.01416  0.005081   0.01946
   243/499     5.04G   0.02069  0.004108  0.006231  0.007596   0.03863         5       640      0.55    0.6863    0.6542     0.555   0.01417  0.005079   0.01945
   244/499     5.04G   0.02097  0.004211  0.007013  0.008283   0.04047         1       640    0.5504    0.6865    0.6541    0.5549   0.01416  0.005077   0.01943
   245/499     5.04G   0.01973  0.004075  0.005799   0.00714   0.03674         2       640    0.5506    0.6866    0.6548    0.5555   0.01415  0.005075   0.01942
   246/499     5.04G   0.02035  0.004048  0.005751  0.007333   0.03748         3       640    0.5507    0.6867    0.6548    0.5558   0.01414  0.005073   0.01941
   247/499     5.04G   0.02039  0.004005  0.006189  0.007519   0.03811         3       640    0.5507    0.6868    0.6547    0.5558   0.01414   0.00507    0.0194
   248/499     5.04G   0.01975  0.004032  0.005999  0.007259   0.03704         2       640    0.5513    0.6871    0.6548    0.5621   0.01413  0.005068   0.01938
   249/499     5.04G   0.02001  0.003973  0.005504  0.007244   0.03673         2       640    0.5512    0.6872    0.6547    0.5561   0.01411  0.005066   0.01937
   250/499     5.04G   0.02011  0.004131   0.00574  0.007412   0.03739         3       640    0.5523    0.6874    0.6546    0.5561   0.01411  0.005063   0.01936
   251/499     5.04G      0.02  0.003968  0.005707  0.007364   0.03704         2       640    0.5525    0.6871    0.6544    0.5564   0.01412   0.00506   0.01934
   252/499     5.04G   0.01969  0.004037  0.005638  0.007035    0.0364         3       640    0.5525    0.6871    0.6543    0.5562   0.01411  0.005058   0.01933
   253/499     5.04G   0.01984  0.003983  0.005276  0.007072   0.03617         6       640    0.5524    0.6871    0.6543    0.5558   0.01412  0.005054   0.01932
   254/499     5.04G    0.0203  0.003921  0.006244  0.007057   0.03752         6       640    0.5539    0.6879    0.6543    0.5555   0.01412  0.005051   0.01931
   255/499     5.04G   0.01956  0.004006  0.005812  0.006881   0.03626         2       640    0.5538    0.6879    0.6543    0.5555   0.01411  0.005049    0.0193
   256/499     5.04G   0.02013  0.003907  0.005955  0.006954   0.03695         4       640    0.5538     0.688    0.6544     0.556   0.01411  0.005046   0.01929
   257/499     5.04G   0.01886   0.00386   0.00588  0.006777   0.03538         2       640    0.5539     0.688    0.6543    0.5555    0.0141  0.005044   0.01927
   258/499     5.04G   0.02015  0.003983  0.006334  0.007166   0.03763         6       640     0.554     0.688    0.6544    0.5554    0.0141  0.005041   0.01926
   259/499     5.04G   0.01915  0.003943  0.005466  0.006723   0.03529         7       640    0.5539     0.688    0.6543    0.5554   0.01409  0.005037   0.01925
   260/499     5.04G   0.01914  0.003897   0.00597  0.006668   0.03567         2       640    0.5537     0.688    0.6544    0.5553   0.01408  0.005034   0.01924
   261/499     5.04G   0.01894  0.003979  0.005323   0.00696    0.0352         7       640    0.5538     0.688    0.6544    0.5556   0.01408   0.00503   0.01923
   262/499     5.04G   0.01942  0.004015  0.005973  0.007195    0.0366         6       640    0.5538     0.688    0.6545    0.5554   0.01407  0.005027   0.01922
   263/499     5.04G   0.01936   0.00396   0.00512  0.007504   0.03595         6       640    0.5539    0.6883    0.6552     0.556   0.01407  0.005023   0.01921
   264/499     5.04G   0.01925  0.003972  0.005649  0.007104   0.03597         7       640     0.554    0.6884    0.6566     0.557   0.01408  0.005021    0.0192
   265/499     5.04G   0.01919  0.003974  0.005529   0.00718   0.03588         4       640    0.5539    0.6883    0.6566    0.5562   0.01407  0.005017   0.01919
   266/499     5.04G   0.01979  0.003933  0.005719  0.007288   0.03673         3       640    0.5538    0.6884    0.6566    0.5569   0.01407  0.005014   0.01917
   267/499     5.04G   0.01968  0.003955  0.005438  0.007683   0.03676         2       640    0.5538    0.6884    0.6568    0.5569   0.01407  0.005011   0.01916
   268/499     5.04G   0.01938  0.003948  0.005479   0.00718   0.03599         7       640    0.5536    0.6881    0.6568    0.5569   0.01406  0.005009   0.01915
   269/499     5.04G   0.01955  0.003895  0.005439  0.006729   0.03562         2       640    0.5535    0.6881    0.6569    0.5572   0.01406  0.005006   0.01914
   270/499     5.04G   0.01968  0.004058  0.006417  0.008262   0.03841         2       640    0.5535     0.688    0.6569    0.5579   0.01405  0.005003   0.01913
   271/499     5.04G   0.01938  0.003916  0.005286  0.007074   0.03566         4       640     0.554    0.6884    0.6569    0.5585   0.01405  0.005001   0.01911
   272/499     5.04G   0.01844  0.003896   0.00524  0.006493   0.03407         4       640     0.554    0.6882    0.6573    0.5585   0.01404  0.004999    0.0191
   273/499     5.04G   0.01949  0.003859  0.005541  0.007021   0.03591         3       640    0.5542     0.688    0.6574    0.5585   0.01403  0.004997   0.01909
   274/499     5.04G   0.01887  0.003937  0.005125  0.007091   0.03503         2       640    0.5543    0.6881    0.6574    0.5587   0.01403  0.004995   0.01907
   275/499     5.04G    0.0193  0.003848  0.005134  0.006721     0.035         5       640    0.5543     0.688    0.6577    0.5587   0.01402  0.004992   0.01906
   276/499     5.04G   0.01888  0.003843  0.005123  0.006573   0.03442         2       640    0.5546    0.6883    0.6576    0.5588     0.014   0.00499   0.01905
   277/499     5.04G    0.0189   0.00393  0.005165   0.00678   0.03478         2       640    0.5548    0.6881    0.6576    0.5585   0.01399  0.004987   0.01904
   278/499     5.04G   0.01908  0.003898  0.005475  0.006914   0.03537         2       640    0.5549    0.6883    0.6577    0.5582   0.01399  0.004984   0.01903
   279/499     5.04G   0.01898  0.003815  0.004697  0.006196   0.03369         7       640    0.5551    0.6884     0.658    0.5584   0.01397  0.004982   0.01901
   280/499     5.04G   0.01872  0.003848  0.005241  0.006755   0.03457         2       640    0.5556    0.6884    0.6576    0.5585   0.01396  0.004979     0.019
   281/499     5.04G   0.01875  0.003909  0.005183  0.006674   0.03452         2       640    0.5558    0.6884    0.6578     0.559   0.01395  0.004976   0.01899
   282/499     5.04G   0.01898  0.003863  0.005094  0.006824   0.03476         7       640    0.5561    0.6884    0.6579    0.5595   0.01395  0.004973   0.01898
   283/499     5.04G   0.01849  0.003769  0.004884   0.00681   0.03395         2       640    0.5562    0.6884    0.6583    0.5594   0.01394   0.00497   0.01897
   284/499     5.04G   0.01902  0.003856  0.005398  0.006795   0.03506         1       640    0.5565    0.6884    0.6583    0.5598   0.01394  0.004968   0.01895
   285/499     5.04G   0.01862  0.003801   0.00469  0.006089    0.0332         2       640    0.5567    0.6884    0.6603    0.5613   0.01394  0.004965   0.01894
   286/499     5.04G   0.01931  0.003832  0.005136  0.007113   0.03539         5       640    0.5569    0.6884    0.6604    0.5607   0.01394  0.004963   0.01893
   287/499     5.04G   0.01849   0.00382  0.005604   0.00684   0.03475         6       640    0.5573    0.6884    0.6606    0.5607   0.01394  0.004962   0.01891
   288/499     5.04G   0.01917  0.003904  0.005299  0.006855   0.03522         4       640    0.5575    0.6884    0.6606    0.5611   0.01392   0.00496    0.0189
   289/499     5.04G   0.01842  0.003785   0.00489  0.006379   0.03347         6       640    0.5576    0.6884    0.6606    0.5609   0.01391  0.004958   0.01889
   290/499     5.04G   0.01828   0.00379  0.004838  0.006642   0.03355         4       640    0.5577    0.6884    0.6608    0.5613   0.01391  0.004956   0.01888
   291/499     5.04G   0.01872  0.003822  0.004995  0.006607   0.03414         8       640    0.5579    0.6884     0.661    0.5616    0.0139  0.004955   0.01886
   292/499     5.04G   0.01896  0.003835  0.005025  0.006654   0.03447         4       640     0.558    0.6884     0.661    0.5606    0.0139  0.004953   0.01885
   293/499     5.04G   0.01875  0.003848  0.005559  0.006787   0.03494         2       640    0.5581    0.6884    0.6609    0.5613   0.01389  0.004951   0.01884
   294/499     5.04G   0.01768  0.003849  0.004806  0.006307   0.03264         3       640    0.5581    0.6884    0.6613    0.5615    0.0139  0.004948   0.01883
   295/499     5.04G    0.0179  0.003798  0.005074   0.00638   0.03315         5       640    0.5581    0.6884    0.6623    0.5615   0.01389  0.004946   0.01882
   296/499     5.04G   0.01827  0.003788  0.005232  0.006431   0.03372         2       640    0.5581    0.6884    0.6627    0.5616   0.01389  0.004944   0.01881
   297/499     5.04G   0.01822  0.003773  0.005253  0.006814   0.03406         3       640    0.5583    0.6884    0.6626    0.5613   0.01388  0.004942   0.01879
   298/499     5.04G   0.01807  0.003745   0.00485  0.006363   0.03303         2       640    0.5584    0.6884    0.6626     0.561   0.01388   0.00494   0.01878
   299/499     5.04G   0.01883  0.003791  0.005278  0.006839   0.03474         4       640    0.5583    0.6884     0.663    0.5635   0.01387  0.004938   0.01877
   300/499     5.04G   0.01844  0.003852  0.005537  0.006958   0.03479         2       640    0.5585    0.6882     0.663    0.5642   0.01386  0.004937   0.01876
   301/499     5.04G   0.01821  0.003765  0.004613  0.006638   0.03323         6       640    0.5588    0.6883    0.6629    0.5638   0.01387  0.004935   0.01875
   302/499     5.04G   0.01799  0.003772  0.004986  0.006438   0.03319        10       640    0.5586    0.6882    0.6642    0.5646   0.01386  0.004933   0.01873
   303/499     5.04G   0.01885  0.003881  0.005597  0.007044   0.03538         5       640    0.5588    0.6882    0.6641    0.5643   0.01385  0.004931   0.01872
   304/499     5.04G   0.01907  0.003859  0.005673  0.007087   0.03569         8       640    0.5589    0.6881    0.6648     0.565   0.01385  0.004929   0.01871
   305/499     5.04G   0.01865  0.003805  0.004764  0.006537   0.03376         2       640     0.559    0.6881    0.6698    0.5693   0.01385  0.004927    0.0187
   306/499     5.04G   0.01828  0.003707  0.004897  0.006449   0.03333         2       640    0.5591    0.6881    0.6706    0.5702   0.01386  0.004924   0.01869
   307/499     5.04G   0.01819  0.003749  0.005028  0.006687   0.03365         2       640    0.5593    0.6881    0.6722    0.5702   0.01385  0.004922   0.01868
   308/499     5.04G    0.0195  0.004081   0.00726  0.008664   0.03951         2       640    0.5591    0.6881    0.6738    0.5702   0.01385  0.004921   0.01867
   309/499     5.04G   0.01954  0.004112  0.005698  0.008301   0.03766        11       640    0.5589    0.6881    0.6739    0.5708   0.01384  0.004919   0.01867
   310/499     5.04G   0.01873  0.003916  0.005136  0.006981   0.03476         2       640    0.5592    0.6881    0.6762    0.5717   0.01383  0.004916   0.01866
   311/499     5.04G   0.01924  0.003977  0.005709  0.007182   0.03611         2       640    0.5595    0.6881    0.6762     0.573   0.01383  0.004915   0.01864
   312/499     5.04G   0.01885  0.003918  0.005185  0.007376   0.03533         2       640    0.5595    0.6881    0.6795    0.5722   0.01384  0.004913   0.01862
   313/499     5.04G   0.01905  0.004078  0.005788  0.008138   0.03706         2       640    0.5596    0.6881    0.6803     0.573   0.01384  0.004913   0.01861
   314/499     5.04G   0.01879  0.004086  0.005978  0.007331   0.03619         4       640    0.5597    0.6881    0.6847     0.574   0.01384  0.004912   0.01859
   315/499     5.04G   0.01933  0.003986  0.005622  0.007235   0.03618         4       640    0.5599    0.6881    0.6958     0.578   0.01385  0.004912   0.01858
   316/499     5.04G   0.01876  0.003807  0.005376  0.006924   0.03487         4       640    0.5599    0.6881    0.6957    0.5777   0.01385   0.00491   0.01856
   317/499     5.04G   0.01877  0.003865  0.005058  0.006911    0.0346         3       640    0.5601    0.6881    0.6962     0.578   0.01384  0.004909   0.01855
   318/499     5.04G   0.01788  0.003811  0.005042  0.006441   0.03318         2       640    0.5601    0.6881    0.6962    0.5811   0.01384  0.004907   0.01853
   319/499     5.04G   0.01779  0.003809  0.004875  0.006312   0.03279         7       640    0.5602    0.6881    0.6961    0.5811   0.01383  0.004906   0.01851
   320/499     5.04G    0.0177  0.003741  0.004514  0.006366   0.03232         2       640    0.5608    0.6881    0.6961     0.581   0.01383  0.004903   0.01849
   321/499     5.04G   0.01771  0.003747  0.004655  0.006139   0.03226         7       640    0.5607    0.6881    0.6962     0.582   0.01383  0.004901   0.01847
   322/499     5.04G   0.02098  0.004602  0.008131   0.01002   0.04374         2       640    0.5609    0.6881    0.6963    0.5816   0.01381    0.0049   0.01846
   323/499     5.04G   0.01961  0.004275   0.00618  0.008392   0.03845         2       640    0.5608    0.6881    0.6967    0.5816   0.01381    0.0049   0.01844
   324/499     5.04G   0.01878  0.004064  0.005164  0.007055   0.03506         5       640    0.5607    0.6881    0.6966    0.5813   0.01381    0.0049   0.01842
   325/499     5.04G   0.01932  0.003941  0.004908  0.007101   0.03527         4       640    0.5597    0.6881    0.6968    0.5844   0.01382  0.004899    0.0184
   326/499     5.04G   0.01839  0.003977  0.005417  0.006986   0.03477         4       640    0.5596    0.6881     0.697     0.586   0.01382  0.004898   0.01838
   327/499     5.04G   0.01825  0.003878   0.00544  0.006923   0.03449         2       640    0.5595    0.6881     0.697    0.5867   0.01382  0.004898   0.01835
   328/499     5.04G    0.0187  0.003865  0.005435  0.007133   0.03513         8       640    0.5599    0.6881    0.6971    0.5864   0.01382  0.004897   0.01834
   329/499     5.04G   0.01816  0.003915  0.004962  0.006612   0.03365         5       640    0.5599    0.6881    0.6971    0.5864   0.01381  0.004895   0.01832
   330/499     5.04G   0.01802   0.00378   0.00493  0.006434   0.03317         6       640    0.5606    0.6881    0.6971    0.5868   0.01382  0.004893    0.0183
   331/499     5.04G   0.01745  0.003757  0.005292  0.006267   0.03277         2       640    0.5602    0.6881     0.698    0.5876   0.01382  0.004891   0.01828
   332/499     5.04G   0.01819  0.003748  0.005244   0.00658   0.03376         2       640    0.5604    0.6881    0.6983    0.5877   0.01381  0.004889   0.01826
   333/499     5.04G   0.01768  0.003664  0.004758  0.006149   0.03225         2       640    0.5603    0.6881    0.6984     0.588    0.0138  0.004887   0.01825
   334/499     5.04G   0.01739  0.003684  0.004295   0.00623    0.0316         8       640    0.5608    0.6881    0.7014    0.5905    0.0138  0.004885   0.01823
   335/499     5.04G   0.01822  0.003705  0.004481  0.006592     0.033         2       640    0.5608    0.6881    0.7013    0.5903    0.0138  0.004882   0.01821
   336/499     5.04G   0.01804  0.003765   0.00522   0.00642   0.03344         9       640    0.5615    0.6881    0.7038    0.5928    0.0138  0.004881    0.0182
   337/499     5.04G   0.01738  0.003728  0.004762  0.006141   0.03202         6       640    0.5618    0.6881    0.7039    0.5927    0.0138  0.004879   0.01818
   338/499     5.04G    0.0178  0.003765  0.004933  0.006412   0.03291        12       640     0.562    0.6881    0.7039    0.5926    0.0138  0.004877   0.01817
   339/499     5.04G   0.01768  0.003755  0.004898  0.006731   0.03307        13       640    0.5621    0.6881    0.7041    0.5927   0.01381  0.004876   0.01815
   340/499     5.04G   0.01742  0.003649  0.004264  0.006355   0.03168         4       640    0.5617    0.6881     0.704    0.5933    0.0138  0.004874   0.01813
   341/499     5.04G   0.01761  0.003689  0.004316   0.00612   0.03174         3       640    0.5619    0.6881    0.7041    0.5931   0.01381  0.004873   0.01811
   342/499     5.04G   0.01735  0.003632  0.004576  0.006093   0.03165         2       640     0.562    0.6881    0.7042    0.5934   0.01381  0.004871    0.0181
   343/499     5.04G   0.01761  0.003728  0.004495  0.006332   0.03216         4       640    0.5622    0.6881    0.7043    0.5937    0.0138  0.004869   0.01808
   344/499     5.04G   0.01721  0.003593  0.004148  0.006075   0.03103         2       640    0.5626    0.6881    0.7044    0.5935   0.01379  0.004868   0.01807
   345/499     5.04G    0.0175  0.003606  0.004607  0.006022   0.03174         1       640    0.5628    0.6881    0.7046    0.5933   0.01379  0.004866   0.01806
   346/499     5.04G   0.01742  0.003616  0.004209  0.005978   0.03122         1       640    0.5629    0.6881    0.7045    0.5937   0.01379  0.004864   0.01804
   347/499     5.04G   0.01714  0.003643  0.004096  0.006479   0.03135         8       640     0.563    0.6881    0.7045    0.5926   0.01378  0.004862   0.01803
   348/499     5.04G     0.017  0.003696  0.004818  0.006335   0.03185         2       640    0.5632    0.6881    0.7045    0.5926   0.01377  0.004859   0.01801
   349/499     5.04G    0.0171  0.003618  0.003968  0.005785   0.03047         2       640    0.5639    0.6881    0.7048    0.5921   0.01377  0.004857     0.018
   350/499     5.04G   0.01731  0.003621  0.004077  0.006094    0.0311         2       640    0.5643    0.6881    0.7047    0.5912   0.01378  0.004854   0.01799
   351/499     5.04G   0.01703  0.003595  0.004338  0.005988   0.03095         3       640    0.5647    0.6881    0.7049    0.5916   0.01378  0.004853   0.01798
   352/499     5.04G   0.01683  0.003567   0.00467   0.00603    0.0311         2       640    0.5649    0.6881    0.7051    0.5921   0.01377   0.00485   0.01796
   353/499     5.04G   0.01744  0.003632  0.004737   0.00621   0.03202         2       640    0.5651    0.6881     0.705    0.5919   0.01376  0.004848   0.01794
   354/499     5.04G   0.01655  0.003559  0.004321  0.005971    0.0304         6       640     0.566    0.6881    0.7051    0.5927   0.01376  0.004846   0.01792
   355/499     5.04G   0.01723  0.003579  0.004189  0.005805    0.0308         4       640    0.5661    0.6881    0.7054    0.5937   0.01375  0.004843    0.0179
   356/499     5.04G   0.01685  0.003617  0.004523  0.005885   0.03087         2       640     0.566    0.6881    0.7052    0.5934   0.01375  0.004841   0.01789
   357/499     5.04G    0.0169  0.003543  0.004503   0.00618   0.03113         2       640     0.566    0.6881    0.7055    0.5928   0.01374  0.004838   0.01787
   358/499     5.04G   0.01654  0.003509  0.004135   0.00572    0.0299         6       640    0.5662    0.6881    0.7057    0.5928   0.01374  0.004836   0.01786
   359/499     5.04G   0.01628  0.003579  0.003747  0.005724   0.02933         5       640    0.5663    0.6881    0.7057     0.593   0.01374  0.004834   0.01784
   360/499     5.04G    0.0165  0.003511   0.00415  0.005811   0.02997         6       640    0.5664    0.6881    0.7059    0.5932   0.01373  0.004831   0.01782
   361/499     5.04G   0.01667  0.003505  0.004568  0.005727   0.03047         2       640    0.5666    0.6881    0.7059    0.5932   0.01373  0.004828    0.0178
   362/499     5.04G   0.01652  0.003504  0.004005   0.00574   0.02977         8       640     0.567    0.6881    0.7061    0.5939   0.01373  0.004825   0.01779
   363/499     5.04G   0.01708  0.003611  0.004154  0.006327   0.03117         5       640     0.567    0.6881     0.706    0.5938   0.01373  0.004823   0.01777
   364/499     5.04G   0.01653  0.003483  0.003919  0.005757   0.02969         2       640    0.5671    0.6881     0.706    0.5937   0.01373  0.004819   0.01775
   365/499     5.04G   0.01665  0.003575  0.004026  0.006016   0.03027         2       640    0.5675    0.6881    0.7061     0.594   0.01373  0.004816   0.01774
   366/499     5.04G    0.0167  0.003586  0.004068  0.006113   0.03047         5       640    0.5675    0.6881    0.7063    0.5941   0.01372  0.004813   0.01772
   367/499     5.04G   0.01674  0.003601  0.004308  0.005975   0.03062         9       640    0.5679    0.6881    0.7087    0.5971    0.0137   0.00481   0.01771
   368/499     5.04G   0.01661  0.003616  0.004319   0.00573   0.03028         9       640     0.568     0.688    0.7088    0.5974    0.0137  0.004807   0.01769
   369/499     5.04G   0.01626  0.003464   0.00421  0.006212   0.03015         1       640    0.5683     0.688    0.7086    0.5969   0.01369  0.004805   0.01767
   370/499     5.04G   0.01627  0.003517  0.003743  0.005782   0.02931         3       640    0.5689    0.6879    0.7092    0.5977   0.01368  0.004802   0.01766
   371/499     5.04G   0.01636  0.003472  0.004183   0.00567   0.02969         3       640    0.5682    0.6878    0.7094    0.5985   0.01368  0.004799   0.01765
   372/499     5.04G   0.01653  0.003529  0.003984  0.005706   0.02975         3       640    0.5684    0.6878    0.7093    0.5988   0.01368  0.004796   0.01764
   373/499     5.04G   0.01648  0.003426  0.004384  0.005809    0.0301         2       640    0.5695    0.6878    0.7098    0.5992   0.01367  0.004794   0.01762
   374/499     5.04G   0.01668  0.003555  0.003986   0.00591   0.03013         2       640    0.5695    0.6877    0.7103       0.6   0.01368  0.004792    0.0176
   375/499     5.04G    0.0162  0.003445  0.003876  0.005386    0.0289         2       640    0.5698    0.6874    0.7103    0.6008   0.01368  0.004789   0.01759
   376/499     5.04G   0.01583   0.00348  0.004018   0.00545   0.02878         2       640    0.5703    0.6876    0.7108    0.6013   0.01367  0.004786   0.01757
   377/499     5.04G   0.01674  0.003484   0.00461  0.005908   0.03074         3       640    0.5702    0.6874    0.7108    0.6011   0.01367  0.004783   0.01756
   378/499     5.04G   0.01647  0.003476  0.003969  0.005779   0.02969         2       640    0.5706    0.6877    0.7117    0.6023   0.01366   0.00478   0.01755
   379/499     5.04G   0.01599  0.003438  0.003924   0.00559   0.02894         8       640    0.5708    0.6876    0.7117    0.6024   0.01366  0.004777   0.01753
   380/499     5.04G   0.01648  0.003445  0.003554  0.005723   0.02921         5       640    0.5711    0.6874    0.7117    0.6023   0.01365  0.004774   0.01752
   381/499     5.04G   0.01603  0.003423  0.004224  0.005593   0.02927         2       640    0.5712    0.6874    0.7117    0.6023   0.01364  0.004771   0.01751
   382/499     5.04G   0.01659  0.003525   0.00435  0.006416   0.03088         2       640    0.5706    0.6874     0.713    0.6033   0.01363  0.004769   0.01749
   383/499     5.04G   0.01688  0.003602  0.004408  0.006096   0.03099         3       640    0.5707    0.6874    0.7146    0.6058   0.01362  0.004768   0.01747
   384/499     5.04G   0.01647  0.003539  0.004274  0.006102   0.03039         2       640    0.5708    0.6874    0.7195    0.6113   0.01361  0.004766   0.01746
   385/499     5.04G   0.01576  0.003462  0.003652  0.005588   0.02846         7       640    0.5708    0.6874    0.7249    0.6159   0.01361  0.004764   0.01744
   386/499     5.04G   0.01595  0.003405  0.003633  0.005907   0.02889         7       640     0.571    0.6875     0.725    0.6161    0.0136  0.004762   0.01743
   387/499     5.04G   0.01639   0.00346   0.00397  0.006005   0.02982         5       640     0.638    0.7207    0.7414     0.631    0.0136  0.004759   0.01741
   388/499     5.04G    0.0164  0.003486   0.00387  0.005622   0.02938         2       640    0.6382    0.7207    0.7415    0.6299   0.01358  0.004757   0.01739
   389/499     5.04G   0.01602  0.003466  0.004051  0.005914   0.02945         1       640    0.6388    0.7207    0.7434    0.6321   0.01358  0.004755   0.01739
   390/499     5.04G   0.01541  0.003445  0.003337  0.005572   0.02777         4       640    0.6388    0.7207    0.7436    0.6319   0.01358  0.004752   0.01738
   391/499     5.04G   0.01577  0.003372  0.003974  0.005685    0.0288         1       640    0.6388    0.7207    0.7439    0.6327   0.01357   0.00475   0.01736
   392/499     5.04G    0.0163  0.003414  0.004078  0.005732   0.02953         5       640    0.6395    0.7208    0.7439    0.6325   0.01357  0.004748   0.01735
   393/499     5.04G   0.01557  0.003412  0.003605    0.0054   0.02799         4       640    0.6394    0.7207    0.7438    0.6322   0.01357  0.004746   0.01733
   394/499     5.04G    0.0158  0.003473   0.00356    0.0055   0.02833         2       640    0.6394    0.7207     0.744    0.6323   0.01357  0.004744   0.01732
   395/499     5.04G   0.01595  0.003446   0.00362  0.005419   0.02844        11       640    0.6395    0.7207    0.7442    0.6326   0.01356  0.004741    0.0173
   396/499     5.04G   0.01631    0.0034  0.004075   0.00562   0.02941         2       640    0.6396    0.7207    0.7443    0.6327   0.01356  0.004739   0.01729
   397/499     5.04G   0.01593  0.003415  0.004289  0.005451   0.02909         2       640    0.6397    0.7207    0.7445    0.6327   0.01356  0.004736   0.01727
   398/499     5.04G   0.01602  0.003374  0.003546  0.005462    0.0284         6       640      0.64    0.7207    0.7447    0.6331   0.01354  0.004733   0.01727
   399/499     5.04G   0.01701  0.003751  0.005303  0.006682   0.03275         2       640    0.6401    0.7207     0.745    0.6334   0.01352   0.00473   0.01726
   400/499     5.04G   0.01683  0.003816  0.004905  0.006324   0.03188         8       640    0.6401    0.7207    0.7455    0.6304   0.01352  0.004728   0.01725
   401/499     5.04G   0.01664  0.003682  0.004552  0.006071   0.03094         5       640    0.6396    0.7207    0.7459     0.631   0.01351  0.004726   0.01724
   402/499     5.04G   0.01665  0.003587  0.004515  0.005719   0.03047         2       640    0.6401    0.7207     0.746    0.6313    0.0135  0.004724   0.01722
   403/499     5.04G   0.01646  0.003545   0.00426  0.005782   0.03005         2       640    0.6397    0.7207    0.7465    0.6319   0.01349  0.004722   0.01721
   404/499     5.04G   0.01615  0.003468  0.003636  0.005718   0.02897         2       640    0.6397    0.7207    0.7472    0.6319   0.01349   0.00472    0.0172
   405/499     5.04G   0.01548  0.003469  0.004234  0.005349   0.02853         2       640    0.6397    0.7208    0.7479    0.6329   0.01348  0.004718   0.01719
   406/499     5.04G   0.01649  0.003592  0.004211  0.006707     0.031         6       640    0.6398    0.7207     0.749    0.6334   0.01348  0.004716   0.01717
   407/499     5.04G    0.0158  0.003491  0.004092  0.005563   0.02894         2       640    0.7066    0.7274    0.7534     0.638   0.01348  0.004714   0.01715
   408/499     5.04G   0.01626  0.003591  0.004125  0.005694   0.02967         7       640    0.7067    0.7274    0.7535     0.638   0.01349  0.004712   0.01714
   409/499     5.04G   0.01622  0.003529  0.004198  0.005701   0.02965         3       640    0.7069    0.7274    0.7555     0.639   0.01348   0.00471   0.01712
   410/499     5.04G   0.01606  0.003531  0.003853  0.005563   0.02901         2       640     0.707    0.7274    0.7569    0.6402   0.01348  0.004709    0.0171
   411/499     5.04G   0.01577  0.003487  0.004257  0.005572   0.02909         4       640    0.7074    0.7275    0.7584    0.6416   0.01347  0.004706   0.01708
   412/499     5.04G   0.01566  0.003446  0.003917  0.005576    0.0286         2       640    0.7074    0.7275    0.7601    0.6437   0.01347  0.004703   0.01707
   413/499     5.04G   0.01572  0.003478  0.003594  0.005566   0.02836         6       640    0.7074    0.7275    0.7619    0.6445   0.01346  0.004701   0.01705
   414/499     5.04G   0.01651  0.003586  0.004072  0.007764   0.03193         3       640    0.7074    0.7274     0.762    0.6453   0.01347    0.0047   0.01704
   415/499     5.04G   0.01648  0.003494  0.004281   0.00603   0.03028         2       640    0.7075    0.7274    0.7603     0.644   0.01346  0.004699   0.01702
   416/499     5.04G   0.01586  0.003453  0.003767  0.005855   0.02893         2       640    0.7075    0.7274    0.7622    0.6453   0.01347  0.004697   0.01701
   417/499     5.04G   0.01572  0.003419  0.003911  0.005451    0.0285         2       640    0.7076    0.7274     0.764    0.6466   0.01347  0.004696     0.017
   418/499     5.04G   0.01566  0.003479  0.003888  0.005645   0.02868         3       640    0.7078    0.7274    0.7642     0.647   0.01347  0.004694   0.01698
   419/499     5.04G   0.01568  0.003456   0.00445  0.005628   0.02921        12       640    0.7071    0.7274    0.7642    0.6471   0.01347  0.004692   0.01697
   420/499     5.04G   0.01592  0.003457  0.003736  0.005645   0.02876         4       640    0.7072    0.7274    0.7645    0.6468   0.01347   0.00469   0.01696
   421/499     5.04G   0.01612  0.003464  0.004247  0.005606   0.02943         4       640    0.7071    0.7274    0.7645    0.6472   0.01346  0.004689   0.01694
   422/499     5.04G   0.01586  0.003461   0.00435  0.005583   0.02926         1       640    0.7072    0.7274    0.7645    0.6477   0.01346  0.004687   0.01692
   423/499     5.04G   0.01596  0.003411  0.003945  0.005471   0.02879         2       640    0.7073    0.7274    0.7647    0.6466   0.01346  0.004686   0.01691
   424/499     5.04G   0.01547   0.00339  0.004004  0.005288   0.02815         3       640    0.7074    0.7274    0.7646    0.6464   0.01347  0.004684    0.0169
   425/499     5.04G   0.01566  0.003337  0.003959  0.005246    0.0282         6       640    0.7073    0.7274    0.7649    0.6466   0.01348  0.004682   0.01688
   426/499     5.04G   0.01534  0.003404   0.00361    0.0053   0.02765         2       640    0.7072    0.7274    0.7652    0.6466   0.01348   0.00468   0.01687
   427/499     5.04G   0.01547  0.003407  0.003705   0.00536   0.02795         9       640    0.7071    0.7274    0.7655    0.6474   0.01346  0.004679   0.01685
   428/499     5.04G   0.01506  0.003334  0.003422  0.005013   0.02683         3       640    0.7071    0.7274    0.7659    0.6482   0.01346  0.004677   0.01684
   429/499     5.04G   0.01526  0.003346  0.003425  0.005169    0.0272         4       640    0.7079    0.7274    0.7664    0.6488   0.01345  0.004676   0.01682
   430/499     5.04G   0.01605  0.003339  0.003773  0.005417   0.02858         8       640    0.7089    0.7275    0.7673    0.6501   0.01344  0.004674    0.0168
   431/499     5.04G   0.01526  0.003373  0.003749   0.00547   0.02785         3       640    0.7092    0.7275    0.7675    0.6501   0.01344  0.004672   0.01678
   432/499     5.04G   0.01539   0.00332  0.003698  0.005216   0.02762         2       640    0.7092    0.7276    0.7676    0.6502   0.01344  0.004671   0.01676
   433/499     5.04G    0.0151  0.003393  0.003559  0.005112   0.02717         4       640    0.7091    0.7275    0.7679    0.6505   0.01343   0.00467   0.01674
   434/499     5.04G   0.01543  0.003344  0.003692   0.00521   0.02767         2       640    0.7085    0.7275    0.7687    0.6509   0.01342  0.004668   0.01672
   435/499     5.04G   0.01539  0.003356  0.003384  0.005133   0.02726         2       640    0.7086    0.7275    0.7683    0.6507   0.01342  0.004666    0.0167
   436/499     5.04G    0.0153  0.003293  0.003785  0.005286   0.02766         2       640    0.7087    0.7275    0.7703    0.6527   0.01342  0.004665   0.01669
   437/499     5.04G   0.01509  0.003299  0.003966  0.005155   0.02751         2       640    0.7088    0.7275    0.7713    0.6533   0.01342  0.004663   0.01667
   438/499     5.04G   0.01504  0.003291  0.003569  0.004965   0.02687         2       640    0.7095    0.7276    0.7711    0.6532   0.01343  0.004662   0.01665
   439/499     5.04G   0.01543  0.003416   0.00368  0.005466   0.02799         6       640    0.7096    0.7276    0.7739    0.6557   0.01342   0.00466   0.01663
   440/499     5.04G   0.01531  0.003282  0.003579  0.005306   0.02747         2       640    0.7096    0.7276    0.7736    0.6552   0.01342  0.004659   0.01662
   441/499     5.04G   0.01534  0.003309  0.003552  0.005291   0.02749         4       640    0.7103    0.7276     0.774    0.6553   0.01342  0.004657    0.0166
   442/499     5.04G   0.01535  0.003304  0.003444  0.005132   0.02723         3       640    0.7105    0.7276    0.7802    0.6611   0.01342  0.004655   0.01658
   443/499     5.04G   0.01532  0.003298  0.003389  0.005455   0.02746         2       640    0.7106    0.7276    0.7801    0.6611   0.01342  0.004654   0.01657
   444/499     5.04G   0.01566  0.003332  0.003235  0.005252   0.02747         3       640    0.7108    0.7276      0.78    0.6606   0.01342  0.004653   0.01655
   445/499     5.04G   0.01538  0.003276  0.003416  0.005135    0.0272         2       640     0.711    0.7276    0.7834    0.6638   0.01341  0.004651   0.01653
   446/499     5.04G   0.01474  0.003225   0.00328  0.004967   0.02621         2       640     0.711    0.7277    0.7894    0.6693   0.01341  0.004649   0.01651
   447/499     5.04G   0.01498  0.003317  0.003475  0.004998   0.02677         6       640    0.7116    0.7276     0.791    0.6704   0.01341  0.004648   0.01649
   448/499     5.04G   0.01488  0.003232  0.003731  0.004946   0.02679         2       640    0.7119    0.7276    0.7924    0.6703   0.01341  0.004647   0.01647
   449/499     5.04G   0.01532  0.003258   0.00359  0.005281   0.02745         5       640     0.712    0.7277    0.7925    0.6707   0.01341  0.004645   0.01645
   450/499     5.04G   0.01506  0.003258  0.003292  0.004975   0.02659         2       640    0.7121    0.7277    0.7911    0.6696   0.01341  0.004644   0.01643
   451/499     5.04G   0.01516  0.003277   0.00363  0.005104   0.02717         6       640    0.7123    0.7277    0.7926    0.6706   0.01341  0.004642   0.01642
   452/499     5.04G   0.01537  0.003278  0.003493  0.005273   0.02741         2       640    0.7123    0.7276    0.7927    0.6708    0.0134  0.004641   0.01639
   453/499     5.04G   0.01537  0.003269  0.003282  0.005288   0.02721         6       640    0.7124    0.7276    0.7928    0.6708   0.01341   0.00464   0.01638
   454/499     5.04G   0.01492   0.00326  0.003632   0.00504   0.02685         5       640    0.7124    0.7276    0.7929     0.671    0.0134  0.004639   0.01636
   455/499     5.04G    0.0147  0.003267  0.003268  0.005192   0.02643         4       640    0.7124    0.7276    0.7929    0.6712   0.01339  0.004638   0.01634
   456/499     5.04G    0.0152  0.003281  0.003375  0.005164   0.02702         4       640    0.7124    0.7276    0.7929    0.6714   0.01339  0.004637   0.01632
   457/499     5.04G     0.015  0.003318  0.003507  0.005389   0.02722         3       640    0.7125    0.7276    0.7943    0.6725   0.01338  0.004635    0.0163
   458/499     5.04G   0.01463  0.003338  0.003033  0.005023   0.02602         3       640    0.7125    0.7276    0.7946    0.6737   0.01338  0.004633   0.01629
   459/499     5.04G    0.0149  0.003325  0.003135  0.005064   0.02643         2       640     0.713    0.7276    0.7946    0.6736   0.01338  0.004632   0.01627
   460/499     5.04G   0.01516  0.003254  0.003439  0.005073   0.02693         6       640    0.7132    0.7276    0.7952    0.6738   0.01336   0.00463   0.01625
   461/499     5.04G   0.01478  0.003264  0.003168  0.005017   0.02623         2       640    0.7134    0.7276     0.795     0.674   0.01335  0.004628   0.01623
   462/499     5.04G    0.0149    0.0032  0.003053  0.004934   0.02608         2       640    0.7137    0.7276    0.7938    0.6729   0.01334  0.004627   0.01622
   463/499     5.04G   0.01477  0.003186  0.003185  0.004938   0.02608         2       640    0.7139    0.7276    0.7956    0.6747   0.01334  0.004625   0.01619
   464/499     5.04G   0.01506  0.003249  0.003407  0.005097   0.02682         8       640    0.7141    0.7276    0.7962    0.6748   0.01334  0.004624   0.01617
   465/499     5.04G   0.01471  0.003343  0.003139  0.005092   0.02629         4       640    0.7142    0.7275    0.7982    0.6767   0.01333  0.004623   0.01615
   466/499     5.04G     0.015  0.003277  0.003246  0.005153   0.02667         2       640    0.7147    0.7275    0.7981    0.6763   0.01333  0.004622   0.01614
   467/499     5.04G   0.01485  0.003235  0.003329  0.005142   0.02655         3       640    0.7146    0.7275     0.799    0.6769   0.01332  0.004621   0.01611
   468/499     5.04G   0.01462  0.003266  0.002938  0.004984   0.02581         2       640    0.7159    0.7275     0.799     0.677   0.01332   0.00462   0.01609
   469/499     5.04G   0.01474  0.003308  0.003396  0.004829   0.02627         2       640    0.7159    0.7274    0.7996     0.677   0.01331  0.004619   0.01607
   470/499     5.04G   0.01467  0.003194  0.002997  0.004945   0.02581         5       640     0.716    0.7274    0.7997    0.6772   0.01331  0.004617   0.01605
   471/499     5.04G   0.01449  0.003243  0.003633  0.005116   0.02648         2       640    0.7163    0.7274    0.7997    0.6772    0.0133  0.004616   0.01604
   472/499     5.04G   0.01502  0.003313  0.003723  0.005294   0.02735         3       640    0.7172    0.7272    0.7998    0.6771    0.0133  0.004614   0.01602
   473/499     5.04G    0.0152  0.003305  0.003183  0.005278   0.02696         2       640    0.7172    0.7272    0.8009    0.6779    0.0133  0.004613     0.016
   474/499     5.04G   0.01521  0.003434  0.003702  0.005844   0.02819         2       640    0.7171    0.7272     0.801    0.6776    0.0133  0.004612   0.01599
   475/499     5.04G    0.0153  0.003269  0.003336  0.005292   0.02719         2       640     0.717    0.7272    0.8011    0.6776    0.0133   0.00461   0.01597
   476/499     5.04G   0.01546  0.003411  0.003718  0.005284   0.02788        10       640    0.7173    0.7272    0.8016    0.6779   0.01329  0.004608   0.01596
   477/499     5.04G   0.01487  0.003283  0.003629  0.005016    0.0268         2       640    0.7176    0.7272    0.8018    0.6784   0.01329  0.004607   0.01594
   478/499     5.04G   0.01511  0.003223  0.003294  0.005348   0.02698         2       640    0.7171    0.7272    0.8028    0.6803   0.01329  0.004605   0.01592
   479/499     5.04G   0.01452  0.003251  0.002983  0.005062   0.02581         8       640    0.7173    0.7272    0.8035    0.6806   0.01329  0.004604    0.0159
   480/499     5.04G   0.01436  0.003191  0.003742  0.005047   0.02634         3       640     0.718    0.7272    0.8051    0.6822   0.01327  0.004603   0.01589
   481/499     5.04G   0.01449  0.003151  0.002913  0.004874   0.02543         5       640    0.7184    0.7272    0.8056    0.6826   0.01327  0.004601   0.01587
   482/499     5.04G   0.01459  0.003223  0.003196  0.004918   0.02592         2       640    0.7185    0.7272    0.8056     0.682   0.01326  0.004599   0.01585
   483/499     5.04G   0.01493  0.003256  0.003652  0.005402   0.02724         2       640    0.7189    0.7272    0.8056    0.6817   0.01327  0.004598   0.01583
   484/499     5.04G   0.01498  0.003239  0.003287  0.005123   0.02663         3       640    0.7181    0.7272    0.8057    0.6821   0.01326  0.004597    0.0158
   485/499     5.04G   0.01461  0.003201   0.00309  0.005034   0.02594         2       640     0.718    0.7272    0.8057    0.6822   0.01326  0.004595   0.01578
   486/499     5.04G   0.01481  0.003199  0.003589  0.004823   0.02642        10       640    0.7178    0.7272    0.8069    0.6831   0.01324  0.004594   0.01576
   487/499     5.04G   0.01486  0.003202  0.003014  0.005053   0.02613         2       640     0.718    0.7272    0.8069    0.6831   0.01323  0.004593   0.01573
   488/499     5.04G   0.01431  0.003282  0.003012  0.004965   0.02556         5       640    0.7179    0.7273     0.808    0.6841   0.01323  0.004592   0.01571
   489/499     5.04G   0.01526  0.003238  0.003461  0.004974   0.02693         2       640    0.7179    0.7272     0.808     0.684   0.01322  0.004591   0.01568
   490/499     5.04G   0.01481  0.003181  0.003055   0.00527   0.02631         2       640    0.7179    0.7273     0.808    0.6841   0.01321   0.00459   0.01566
   491/499     5.04G   0.01499  0.003164  0.003224  0.005081   0.02646         4       640     0.718    0.7272    0.8082    0.6841   0.01321  0.004589   0.01565
   492/499     5.04G   0.01465  0.003179  0.002861  0.005006   0.02569         7       640    0.7181    0.7272    0.8082    0.6838    0.0132  0.004588   0.01562
   493/499     5.04G   0.01477  0.003243  0.003221  0.005028   0.02626         2       640    0.7181    0.7272    0.7971    0.6793   0.01321  0.004587   0.01561
   494/499     5.04G   0.01503  0.003183  0.003357  0.005046   0.02661         2       640    0.7181    0.7272     0.797    0.6797   0.01321  0.004586   0.01559
   495/499     5.04G   0.01469  0.003224  0.003054  0.004893   0.02586         2       640    0.7184    0.7272    0.7971    0.6793   0.01321  0.004585   0.01557
   496/499     5.04G   0.01485  0.003195  0.003029  0.004881   0.02596         7       640    0.7186    0.7272     0.797    0.6792   0.01321  0.004584   0.01554
   497/499     5.04G   0.01469   0.00319  0.003074  0.005106   0.02606         5       640    0.7186    0.7272     0.797    0.6783   0.01321  0.004583   0.01552
   498/499     5.04G   0.01453  0.003157  0.003462  0.005036   0.02619         4       640    0.7188    0.7272     0.797    0.6784    0.0132  0.004583    0.0155
   499/499     5.04G   0.01425  0.003188  0.003111   0.00502   0.02557         4       640    0.7187    0.7272    0.7971    0.6783    0.0132  0.004582   0.01548
